-0.380352 -0.390977
-0.416680 0.214674
-0.974757 0.263573
-1.129312 -0.387884
1.054486 -0.333915
-0.867611 -0.226268
0.619771 0.025771
-0.996005 0.654919
0.456408 -0.936460
-0.475795 0.703921
0.942539 -0.065533
-0.420138 0.606288
0.035121 -0.637674
0.321086 0.870754
0.748663 -0.719158
-0.490811 0.860318
1.040494 0.154433
-0.167861 -0.483820
0.426465 0.997589
0.436795 0.104234
-0.465864 0.067546
-0.546006 -0.868762
0.622312 0.284414
0.509688 0.881505
0.620563 0.228350
0.373965 0.585739
0.857250 -0.671118
1.060398 -0.380307
-0.550574 -0.610252
0.854626 -0.172330
-0.034135 -0.018311
0.655937 0.858635
0.638324 0.030895
0.222787 -0.414236
-0.755385 -0.648495
1.106918 0.238327
-0.590759 -0.564941
-0.948630 -0.693034
-1.022122 -0.395484
0.163433 0.263014
0.564339 0.992619
0.155052 0.580078
-0.580772 -0.176940
0.484564 -0.434955
1.080483 -0.306667
0.635704 -0.563401
-0.980787 0.126910
-0.919411 0.649461
-0.753007 -0.195943
0.011188 -0.489718
-0.333126 0.620329
0.455174 -0.518463
-0.005940 0.961309
-0.503314 -0.527291
0.703687 0.526678
1.016092 -0.557092
0.056623 0.269662
-0.493889 0.336316
0.206158 -0.064831
0.796905 -0.646065
0.796853 0.107234
0.242114 -1.088646
0.161436 -1.078477
-0.786555 0.448116
0.798472 -0.755166
0.001304 0.281834
-0.133434 0.043841
0.589138 -0.572047
0.941217 0.131224
0.093949 0.874907
-0.518883 -0.343309
-0.396081 0.440444
-0.404931 -0.893242
-0.449959 -1.003387
-0.143215 1.073138
-0.337558 0.612475
0.525389 -0.232919
-0.092153 -0.713471
0.614304 -0.225856
-1.149714 0.126845
0.301934 -0.229059
-0.714834 0.865406
-0.535500 0.411802
-0.539080 -0.729739
0.004133 1.113172
-0.368599 1.034293
0.273292 0.855253
0.021240 0.731093
0.746092 -0.637535
-0.060388 0.475824
0.742110 -0.629121
-0.349794 0.035115
-0.957372 0.458524
-0.390170 0.338430
0.363268 -1.053361
0.058704 0.224547
0.891950 -0.375584
-0.082752 0.142115
-0.956780 0.341734
0.729517 -0.806659
-0.129197 0.472128
0.145971 -0.852413
-0.169943 -0.100867
0.318690 0.990968
0.673796 -0.538182
0.817179 0.854101
0.186444 -0.623523
0.532140 -0.219304
0.108283 0.114105
0.383630 -0.950707
0.112895 0.231929
0.697558 0.687522
0.787210 0.327726
0.533302 -0.510028
-0.760357 0.297018
-0.880193 0.256176
-0.836778 0.804875
-0.039233 -0.241810
-0.041455 0.985708
0.791567 -0.156950
0.538268 -0.170167
-0.944801 0.364802
-0.664354 -0.323996
-1.008966 0.117599
-0.586613 -0.327906
0.153774 1.114176
-0.826399 0.641861
-0.261191 1.089947
0.614613 0.863131
0.854434 -0.799484
-0.379692 0.177448
-0.084142 0.734663
-0.313214 1.140179
-0.509309 -0.954113
-0.028102 0.794123
-0.832080 -0.773619
1.062523 0.016815
-0.174417 -1.095933
0.447300 0.657450
-0.080067 0.950909
-0.741457 -0.776900
-0.660300 -0.147151
-0.233516 -1.110734
-0.734722 -0.143868
-0.021935 -0.848389
0.300297 -0.850992
-0.024330 0.774118
0.760093 -0.220243
0.482623 -0.336172
0.023048 -0.179681
0.413835 -1.001539
-0.293597 -0.237008
-1.037089 0.003575
0.209883 -0.892722
-0.668529 -0.832356
1.044223 0.178181
0.572459 -0.983493
0.724322 -0.645972
-0.106161 -0.411722
-0.939354 0.654076
0.220598 0.495859
-0.949965 -0.123990
0.331705 0.380413
-0.257851 0.980145
1.161128 0.273347
-0.980470 -0.602757
0.522778 0.401580
0.167452 -0.459820
-0.248372 -0.205675
-0.065904 0.480932
-0.056856 1.056737
-0.416361 -0.382198
-0.198184 -0.668861
0.929375 -0.546538
0.716798 -0.436879
0.919932 0.060552
0.253758 0.599888
0.377887 0.514961
0.450405 -0.226589
0.974274 0.592344
1.084732 -0.377949
0.588417 -0.901797
-0.272310 -0.098128
-0.906873 -0.505712
0.786379 -0.809734
0.310039 -1.089272
-0.169512 -0.471964
0.051843 1.041639
-0.266324 -0.032778
0.805428 0.459465
-0.074849 -0.578847
0.492618 -0.717171
-0.575714 -0.847828
-0.468064 0.355679
0.845203 0.017995
-0.414013 -0.252017
0.580861 -0.129889
0.904168 -0.568344
-0.228753 -1.057709
0.184315 -0.520138
-0.671467 0.233460
0.860747 0.302608
0.419380 0.472261
-0.861543 0.655210
0.094292 -1.037365
0.094998 0.267867
0.526170 -0.239928
0.240508 -0.584989
0.035093 -0.192279
-0.189610 -1.132889
-0.317454 -0.440472
-0.340882 0.973991
0.107715 0.942676
-0.970330 0.083667
0.816270 -0.300832
0.327581 0.887735
-0.145292 0.707898
-0.597462 0.165097
0.283308 -0.222940
0.428564 0.139253
-0.345331 0.937349
0.297707 -1.111281
-0.363196 -1.016051
0.134369 -1.116582
-0.043650 -0.489520
-0.453088 -0.580029
0.738974 0.582708
0.468282 -1.031658
0.607919 -0.531311
-0.019047 -0.628289
-0.125051 1.132601
-0.298213 -0.824835
0.291406 -0.181066
-1.118283 -0.276180
0.790701 0.289926
-0.697048 -0.172948
0.050893 1.029662
-0.420884 -0.611109
0.155531 -1.168935
-1.120877 0.288749
-0.157563 -0.657674
0.923198 -0.630820
-0.601509 -0.741845
0.001529 -0.613068
0.135863 0.949339
0.548729 -0.921445
-0.667838 0.417111
0.247657 0.847072
-0.577972 0.930447
0.357841 0.278760
-0.472585 -0.529690
0.274994 -0.951917
-0.987116 -0.594588
-0.902581 0.526362
0.533179 -0.601162
0.808961 -0.716644
0.642345 -0.268873
-0.250290 -1.089732
-0.640746 0.712114
0.428921 -0.390541
1.054576 -0.571442
-0.447872 0.359596
1.119937 -0.423194
0.749200 -0.726525
-0.085723 -1.025250
-0.060741 0.355649
0.228829 0.806830
0.089457 -0.183877
-0.163533 -0.819495
-1.009554 0.235208
0.786397 0.745312
0.573301 0.896112
1.141267 -0.190348
0.858783 -0.736810
-0.429160 -0.172383
0.301794 -0.744082
0.937546 -0.483943
-0.045574 -0.580884
-0.052150 1.146975
0.151387 -0.941188
-1.080905 0.169522
0.563313 0.994470
0.140191 -1.133057
-0.019141 0.365330
0.451846 0.747514
0.957236 -0.570161
-0.728195 0.549763
-0.949147 -0.568033
-0.305698 0.023366
-0.926086 -0.591281
-0.950859 -0.200922
0.218495 -0.612731
-0.689670 -0.890756
-0.543713 0.187683
-0.196396 0.190611
0.182660 -0.372524
0.513168 -0.851393
0.162044 0.493154
-0.705367 0.657527
0.442164 -0.155371
2.177058 -0.700472
-1.688208 -1.626058
1.691636 -1.581580
1.588604 -1.097625
1.630993 -1.370122
1.957612 -0.453224
-1.572628 -1.720889
-2.057860 -0.473645
2.224437 -0.020144
-2.019820 -0.865399
0.605703 -1.933373
-0.053677 -2.333044
1.868696 -0.486972
-1.414546 -1.334059
-0.782830 -1.907111
-0.686382 -1.922308
1.913015 -1.430903
-1.865581 -0.711934
-0.637037 -2.259492
0.850971 -1.733050
0.046388 -2.100417
-1.872406 -0.792599
0.716558 -1.915097
-1.735145 -0.819554
-1.219081 -1.807320
-0.613914 -2.021776
-0.492039 -1.985550
-1.249234 -1.997357
-0.320726 -2.314530
0.484055 -2.182857
2.184991 -0.272014
-1.014297 -1.986404
2.035125 -0.656240
-2.146442 -0.070458
2.226491 -0.264035
0.428230 -1.826925
1.941272 -0.938384
-0.448891 -1.969961
-0.483127 -1.919757
-1.089611 -1.516229
-1.300285 -1.642941
1.653364 -1.393130
1.694950 -1.287279
-0.009320 -1.903803
0.198024 -2.172022
0.388106 -2.092822
-1.422241 -1.676094
0.224837 -2.171974
1.933461 -1.218224
2.068895 -1.153152
1.998286 -1.067652
-1.821230 -0.700679
-1.686475 -0.955100
-1.918544 -0.210010
-1.620287 -1.093616
-1.819450 -0.881615
1.173480 -1.809433
1.253374 -1.511828
2.112269 -0.236480
1.903365 -0.232194
0.338447 -2.014786
-1.366699 -1.873652
2.081761 -0.159867
0.746088 -2.196401
-1.855656 -0.095347
2.151861 -1.005499
0.573413 -2.303854
0.554290 -2.139309
1.254273 -2.009763
0.463680 -1.900488
-1.863058 -1.366634
1.857871 -0.472621
2.296647 -0.233234
2.052925 -0.808581
1.222657 -1.487368
1.883581 -0.442441
-0.562077 -2.221269
-1.624178 -1.469771
1.484007 -1.226121
-2.198452 -0.253133
1.843732 -0.499961
-1.967594 -0.557790
2.149956 -0.601941
-0.051375 -2.005252
1.115026 -1.939207
-0.649663 -1.963092
-1.393763 -1.832154
-1.239666 -1.688156
-1.891654 -0.117615
-0.811328 -2.009621
2.010941 -0.226898
0.512268 -1.798700
-1.877176 -0.766306
0.756341 -2.004319
-0.686301 -1.814480
1.568080 -1.002822
0.284883 -1.999447
-0.628680 -1.749224
0.372926 -2.144464
-0.163456 -2.152597
-0.120222 -2.165268
-2.034784 -0.148793
0.483282 -2.068216
0.251931 -2.217450
0.944258 -2.179929
-1.704325 -1.173958
-0.267692 -2.300595
-1.787759 -1.423610
1.871422 -0.556618
2.179993 -0.749969
1.453914 -1.509530
-0.689106 -2.044217
1.405446 -1.857779
-1.978359 -0.348887
-2.109995 -0.225912
-0.575670 -2.244051
-2.318751 -0.102404
2.335523 -0.099567
-1.770701 -0.316059
0.667118 -2.112576
-1.889683 -0.680873
-1.084547 -1.979792
-2.258136 -0.576793
-1.309923 -1.692415
-2.021331 -0.682401
1.702937 -1.510705
1.258124 -1.491754
-2.203535 -0.245257
-1.062651 -1.766871
2.273137 -0.069690
0.767350 -2.061490
0.454008 -2.240766
2.014090 -0.545492
0.853952 -2.081469
-0.412128 -1.988414
-1.982086 -0.295465
0.251624 -2.228678
-1.005143 -1.861135
0.808248 -2.180135
0.084809 -2.163809
0.873401 -2.114756
-0.783665 -1.826857
1.886334 -0.148327
-0.847790 -1.745891
-2.227161 -0.620868
1.580886 -1.348279
-1.245778 -1.789288
0.538733 -2.048663
-0.028736 -2.136206
-1.169850 -1.912100
0.012824 -1.897150
1.432092 -1.743293
-0.360220 -2.176449
-1.519338 -1.038005
0.666706 -2.032796
1.697280 -0.768671
-1.317791 -1.798844
1.191084 -1.735779
1.675578 -1.147226
1.394261 -1.429837
1.581724 -1.592606
-0.800610 -1.909636
-0.803906 -2.107343
1.580655 -1.772092
-1.362382 -1.867553
1.712559 -0.743865
0.060807 -2.258161
1.534301 -1.151734
-0.182356 -1.841669
-0.861933 -2.189818
1.850980 -0.554623
2.069769 -0.021183
1.584197 -1.524137
-2.025340 -0.819806
1.677493 -1.045258
2.115122 -1.114943
1.704441 -1.629846
1.895507 -0.583018
-0.629899 -2.227671
0.821626 -1.859087
0.879545 -2.046069
1.951330 -0.722472
2.060756 -0.664920
-0.753600 -2.240861
-0.172914 -2.248656
1.085948 -1.495359
0.894509 -2.164669
2.203555 -0.282061
1.234779 -1.412033
1.565381 -1.351032
-0.874604 -1.794564
0.030180 -2.040517
-1.618401 -1.478813
1.431567 -1.858018
1.554584 -1.140328
0.806906 -1.808066
-0.034642 -2.164883
0.636203 -2.064201
1.861587 -0.594415
1.226194 -1.652375
0.485991 -2.131435
-1.081605 -1.473074
1.518851 -1.131193
-0.640921 -2.218625
-2.177572 -0.411268
-0.578641 -2.040479
2.027761 -0.930926
1.828632 -1.550251
-1.770522 -1.470543
-1.793794 -0.826823
-1.194226 -1.730276
0.138415 -2.014583
-1.018006 -1.607830
1.992254 -1.103715
1.885678 -0.786450
-0.108757 -2.081240
1.944495 -0.129123
-1.369905 -1.197773
-0.945017 -1.715927
-1.838488 -0.240263
1.909413 -0.643364
-0.694373 -1.760890
-1.922263 -0.164429
-1.274484 -1.604231
-0.239841 -2.015189
-1.602298 -0.803416
-1.918468 -0.527871
-1.864927 -0.549081
-0.831973 -1.923386
1.752750 -1.081931
0.314100 -1.996238
0.947228 -1.953192
1.966991 -0.344689
0.510549 -2.169402
0.078557 -2.091634
-1.852589 -1.409340
-1.928513 -0.716584
2.003887 -0.591358
-1.674425 -0.985891
1.936729 -0.277914
-1.858247 -0.284097
-1.295236 -1.901573
-1.268167 -1.688926
-1.898354 -0.261080
2.321885 -0.033441
1.283527 -2.004942
-1.824814 -1.168815
-1.533917 -1.726094
-0.354350 -2.114695
-1.482590 -1.220657
-0.423849 -2.257680
-2.114039 -0.479630
-0.495636 -2.057389
-1.009310 -1.969668
-1.799449 -0.873785
1.807679 -1.495630
1.738496 -1.429120
0.949130 -1.914890
2.050023 -0.272991
-0.562329 -2.278901
0.391871 -2.008048
1.796665 -0.760862
-2.013395 -0.035771
-1.834843 -0.562819
1.153061 -1.957217
0.888949 -2.211017
-1.822125 -1.106774
-1.141816 -1.826008
1.530320 -1.414385
-0.809002 -1.770570
-1.554886 -1.492087
-1.702307 -1.453143
-2.124616 -0.955515
1.965081 -0.758701
-1.956048 -1.052726
-1.751582 -0.761014
0.163691 -1.929002
2.137718 -0.937655
0.363001 -2.312532
2.031417 -0.381147
-0.419432 -2.225754
1.290650 -1.410528
-1.771132 -0.800123
1.978412 -0.078655
2.293298 -0.463192
2.011871 -0.152295
-1.642769 -0.862217
-1.796492 -0.996227
2.041803 -1.108456
-1.924379 -1.281212
-1.138150 -1.460210
-0.895158 -1.874727
0.207112 -2.166969
-1.839245 -0.817472
1.581610 -1.649888
1.926648 -1.058277
-1.815723 -0.407104
1.731040 -1.525931
-1.699573 -1.162835
-2.231334 -0.279334
-1.416775 -1.327647
-1.411390 -1.619857
1.941862 -0.660002
1.632807 -1.347463
1.998085 -0.543147
2.210479 -0.259806
1.299389 -1.513106
-2.077536 -0.267688
-2.042766 -0.079501
1.624225 -0.958483
-0.535948 -1.813753
0.595705 -2.034044
0.191001 -2.162469
-1.511514 -1.230184
0.892339 -1.935102
-1.853896 -0.530087
1.331628 -1.582201
-1.973535 -1.251677
1.156048 -1.447184
-1.999438 -1.218850
-0.786289 -2.219501
0.346938 -2.096110
1.663436 -1.562979
-0.254540 -1.957426
-0.812612 -1.652226
2.010874 -0.617865
-0.148845 -2.015032
-0.294834 -2.303901
-2.255755 -0.044740
1.084412 -1.856139
-1.510855 -1.624829
-1.806732 -0.045907
2.200726 -0.645805
-0.624111 -2.013159
-0.040762 -2.150074
1.567476 -1.110325
-1.851076 -0.094172
1.916628 -0.368790
1.542769 -1.245692
-0.401268 -2.123140
-1.432156 -1.118179
2.132064 -0.692956
-0.101661 -2.298962
-2.000319 -0.921251
1.041938 -1.574227
1.247358 -1.439333
1.573069 -1.050955
1.544035 -1.664531
2.212826 -0.823096
1.770873 -1.270964
1.850493 -0.572643
0.454886 -1.961559
1.609241 -1.031372
1.533100 -1.777308
1.375120 -1.389095
2.271857 -0.680486
-0.353805 -1.968343
-0.402282 -1.812958
1.338233 -1.720374
0.599071 -2.154696
-1.853305 -0.285792
0.320859 -1.850844
1.899784 -0.814262
0.267961 -2.094705
0.686276 -2.186386
1.800037 -1.471541
1.224583 -1.717514
-2.075841 -0.964019
2.009437 -0.433403
-0.552678 -1.870989
1.187871 -1.414547
2.196939 -0.590636
-0.474569 -1.882277
2.066652 -0.223613
-2.283947 -0.138540
0.097630 -1.823814
1.282003 -1.515698
-2.211916 -0.302601
1.543496 -1.829317
-1.951014 -1.154848
0.647434 -1.757440
-1.816562 -0.204629
2.080524 -0.579434
-1.310082 -1.843960
-0.987017 -1.829705
-1.770832 -0.658887
-2.169527 -0.089284
1.896492 -1.319152
-2.280107 -0.092884
1.128399 -1.577336
-2.194966 -0.134284
1.435054 -1.351009
-1.943672 -1.213175
1.414845 -1.925956
0.362546 -1.897722
1.946824 -0.856687
0.204162 -2.167546
1.764561 -1.276048
-2.034549 -0.661591
2.021623 -0.315808
-2.113787 -0.361855
-1.602933 -1.319760
-1.680883 -1.206002
-1.216420 -1.520163
-2.054733 -0.596349
0.488604 -2.081075
2.171931 -0.397544
0.588510 -2.135644
2.095404 -0.834041
1.857619 -0.404175
2.059924 -1.206218
-1.980972 -1.191368
-0.332758 -1.899709
1.691869 -1.624327
0.460464 -1.869034
-1.764240 -0.470250
1.801119 -0.474170
0.999815 -2.028851
-1.647005 -1.314143
0.129890 -2.072561
1.157678 -1.809962
-1.794228 -0.201094
-1.500265 -1.715751
0.460471 -2.326785
0.174849 -1.849353
-0.924216 -1.773252
0.061618 -1.842466
1.050002 -1.534627
-0.509959 -2.182583
-1.907980 -0.350194
0.665078 -2.059436
2.273954 -0.532991
-1.846991 -0.437591
-2.109243 -0.237226
1.551183 -1.144141
-1.510836 -1.239265
1.527138 -1.453529
0.176670 -2.298036
0.079772 -2.170927
-1.675477 -1.391447
-1.623162 -1.215099
0.180534 -1.996024
-1.156079 -2.044966
-0.465428 -1.901906
-1.935958 -0.643120
1.020776 -2.007996
-1.557629 -0.942325
1.804805 -0.521106
-0.976708 -2.034960
0.360661 -1.867176
-1.433196 -1.206096
-1.834257 -0.694833
2.144649 -0.431363
-0.941686 -1.756840
2.178224 -0.586544
-1.062881 -1.662994
2.297550 -0.723473
-2.248044 -0.488783
0.359776 -2.159283
1.174106 -1.591768
0.736896 -1.966343
-1.209225 -1.343626
1.041484 -1.859917
2.187398 -0.058386
2.039782 -0.367688
1.059077 -2.059781
0.425681 -2.290830
1.386259 -1.392268
0.098136 -2.145934
0.612571 -2.086014
-0.974248 -2.102240
1.198824 -1.731179
-0.697292 -1.835142
0.607808 -1.859146
2.358340 -0.198862
-1.917408 -1.206751
2.246976 -0.423657
-0.851805 -1.945003
2.061665 -0.063021
0.828662 -1.995545
1.627709 -1.617597
-2.300459 -0.029711
0.513842 -2.151698
-1.546609 -1.121423
-2.185774 -0.323220
-2.134847 -0.237457
2.232626 -0.502017
-0.441734 -1.779793
-0.925402 -1.566519
1.857467 -0.442907
1.798381 -0.645306
1.392455 -1.786003
1.919666 -1.419258
1.289269 -1.413463
-0.185369 -2.360914
-0.337558 -2.142124
-0.718866 -1.885305
-1.651765 -0.751443
0.983161 -1.724070
2.005051 -0.535208
-1.454964 5.142118
-1.057988 -5.410215
4.307847 1.268187
3.109500 -2.005986
3.993878 0.824427
-0.614424 3.765698
-3.649076 -2.347055
3.763647 0.992905
4.224283 -0.599970
-4.015337 -0.278058
-1.514353 -3.334022
-1.807919 2.899983
2.144544 -4.322139
-3.772723 -1.604135
1.670984 -3.482231
-2.057700 3.753020
-0.157593 -5.023431
4.392680 0.511083
4.340898 -0.940292
-1.945673 -4.473274
3.890480 -0.691393
2.482026 3.651568
1.645160 4.130759
3.103933 3.460524
4.135757 -3.182908
3.678162 0.841060
1.359533 -4.749443
-2.447674 -3.431486
-2.487134 2.682149
-3.482033 3.376770
3.515435 2.013046
-3.827125 -3.868041
-3.156754 -2.668298
-0.398425 -4.603268
1.124422 4.926524
-2.158504 -3.315526
-1.493861 4.731661
3.357200 1.512401
-1.028914 -5.374847
2.502521 -2.765907
5.224700 0.122577
4.208534 -2.992444
3.234548 4.254206
-4.621843 -0.818729
5.240637 -1.812255
1.032722 -3.927379
4.246743 -1.359394
0.723341 3.644411
0.342731 3.379204
4.090943 -3.536839
1.761767 -4.811668
-3.984736 -0.129234
-4.633099 0.510229
2.464300 3.084060
-0.746093 5.554849
2.980517 3.458137
5.305989 1.280254
2.151635 2.930364
3.404736 4.448072
-5.525762 0.203072
3.045358 -4.411187
2.297611 4.518647
-1.827659 3.558264
0.621217 4.008708
2.114488 -5.191535
5.129406 -1.128110
0.521905 4.607341
0.697677 4.996593
0.716482 4.892395
0.088380 -4.701551
5.178028 -0.099189
0.608955 -4.789736
-3.928413 0.607126
0.693944 4.924843
1.136491 -3.429504
0.399542 -3.734183
-5.116546 0.523269
-4.395169 -2.406914
3.341635 -0.861689
4.298648 -0.519804
-2.533035 3.574784
-3.470378 -3.727446
0.636524 -3.518375
-1.522415 -4.995999
2.989922 -3.406694
-1.048461 -4.540681
3.897135 3.313877
-0.649525 3.987922
4.264501 -3.253347
-0.012066 -4.172751
3.435851 2.473377
-4.178479 2.514811
3.814151 2.124075
0.157232 -5.246528
3.315307 -2.271017
3.223892 -1.498989
3.788325 2.061579
-1.573978 -5.124441
5.112370 1.085175
3.666461 2.492377
-2.748547 -1.974360
3.647793 -1.214075
-3.342702 -3.932749
-3.158986 4.306411
3.455762 2.399342
1.248025 5.441773
-0.230799 4.906768
1.568444 3.868798
-3.939905 2.889570
2.219289 -4.517790
4.097978 -3.082607
-4.166587 3.197442
-3.084609 1.878269
2.059718 -4.018763
-0.005392 -3.941409
-2.099765 3.411461
-4.105439 1.721475
-2.025140 4.889679
2.560278 -3.746190
-2.167205 -3.637265
-3.127038 -1.840672
0.886786 4.378302
-1.231906 -3.424565
4.626334 2.646779
-0.072989 -3.553949
-4.766063 -0.734636
5.155728 0.337572
-2.821138 -2.755924
-4.749668 2.060242
3.803113 2.162787
-2.352155 -2.857935
3.389790 -4.301436
4.541931 -2.477303
5.009096 -0.638909
-0.358458 4.644999
-2.686153 2.236018
-2.874024 -2.359627
4.477110 -3.340618
-4.632532 -2.497019
-3.883234 3.955596
1.571626 -4.224458
-4.727356 -2.847637
-4.694419 0.976321
-1.856122 -3.286803
2.304122 3.068464
4.142364 0.762487
0.063617 3.942004
-2.551387 -2.985549
5.444795 -0.590675
-2.011636 -3.380676
-1.392731 -4.757009
0.705523 -3.400412
2.556370 -2.376142
-3.786416 0.449970
-4.396744 1.955324
-1.796703 3.343624
-1.145880 4.178840
1.098441 3.451823
-3.378850 -3.943839
2.402568 3.117843
4.971955 2.388381
0.527584 -4.931275
4.757530 0.501347
-2.935606 1.827261
3.540236 1.152304
3.779077 3.788709
0.025845 -5.120563
-3.957688 0.255121
-4.120500 1.853676
0.369338 -3.885781
-4.844107 0.790747
-3.990640 -1.906975
-1.652557 3.980771
1.583603 -4.905391
0.560060 -5.333004
0.637274 -5.146637
-4.238557 -3.098603
-4.130225 -0.517695
0.337680 5.475922
-1.840805 4.537990
-1.163066 4.192217
-5.030886 2.021914
-4.469395 1.637320
-1.417199 -4.881722
-5.011148 -1.801173
-3.538414 3.809207
4.197677 -1.042659
-3.398521 3.561281
-5.500841 -0.668540
-0.189141 -5.240798
-4.402745 3.098306
-4.721846 -1.997895
-2.920718 -2.476776
0.915377 -3.590932
-3.705950 -1.913194
-4.904933 1.642851
3.099472 1.727165
4.036285 1.730220
4.312088 0.625274
4.174728 0.063557
0.539058 3.417818
0.245817 4.261828
-1.769832 -3.656380
-2.070978 4.088372
0.984524 -5.373098
4.049024 0.762831
-3.852735 1.396601
-0.103536 3.487649
-0.314584 -3.536296
5.368594 -0.789381
-1.587582 -4.417660
3.438181 0.571926
0.328262 4.859914
-4.019863 -2.011318
3.469725 -4.343079
-0.307926 -4.600485
0.492759 4.771555
3.749145 -0.409156
-3.264076 -2.247777
-3.240823 1.758011
1.118131 4.525397
-4.294591 -0.664096
-1.315361 -4.337845
-3.834311 3.245377
4.044866 -3.003364
-2.414782 4.131445
-4.423881 -1.481496
1.042220 4.701931
0.994643 -3.736707
-4.163457 2.140194
0.610774 -4.078932
-0.538123 4.573395
-1.732222 -4.027627
4.433091 2.833937
-0.134417 4.731732
1.428018 4.465546
3.786082 3.472025
-3.443343 3.847498
-5.196499 2.067562
1.335295 3.098824
-3.616696 -3.477023
-0.181373 4.871429
-4.786591 -0.844749
1.291331 4.256059
-4.867881 -2.288487
5.255311 -1.950482
-4.783878 -0.116615
-3.187810 3.701478
-2.082602 4.348897
3.179380 3.381416
3.784269 -4.147294
2.082186 4.016915
-2.098295 4.952257
3.737529 -2.761620
-3.657642 -3.862590
1.802574 -3.771468
-0.193213 -5.433493
-3.425752 -3.824569
5.078938 -1.185982
4.176053 2.020527
1.577394 5.153633
3.037899 -1.726801
0.769394 4.466959
-2.624349 -4.108419
-4.705078 -2.331986
-0.672801 3.887982
0.215083 -5.151122
0.775767 5.303081
-2.843862 4.608714
2.855857 -4.604449
4.108896 -2.292351
-2.219539 3.164832
1.927120 3.218188
-2.294762 -3.406386
-3.943791 -2.209948
-3.933201 -3.513351
-0.355724 5.592032
4.037452 -1.196119
-0.843293 -4.944807
-3.426324 3.247354
-3.393198 -3.126066
-1.634023 5.073938
0.493108 -4.396018
4.327801 -0.827873
-5.032301 -1.382829
-1.001917 5.354791
-2.476494 -2.359788
-0.141373 5.293388
-0.873001 -4.689061
0.298258 -5.286402
-3.962532 -2.924070
-2.373395 -3.693579
-4.466019 -3.305140
-3.196719 1.867964
-3.734800 0.392571
-1.125610 -4.716407
5.248001 -1.511341
3.473689 0.169366
0.909699 -4.513160
3.224538 -1.773242
0.471891 4.961109
2.148231 -4.429352
-2.832833 -2.662434
0.923365 -3.517343
-1.200090 3.989032
5.073377 1.807356
5.036181 -0.998216
-3.191922 -4.575779
3.474235 2.538598
1.144661 -4.094290
2.563717 -3.402300
-1.528566 4.547806
2.052916 -2.884006
-2.252782 2.792855
0.165211 -4.878264
-4.675804 -1.852937
-5.264599 -1.071051
4.625187 -0.886732
-3.624263 -1.325026
-4.676864 -1.303118
-5.464538 0.990178
-4.159228 -3.204386
-3.067194 4.650112
5.020367 -2.242836
-1.546533 -3.103595
-1.183762 -3.888476
-2.514612 4.005528
-4.780080 -1.642891
3.178368 -4.152773
4.945418 1.976126
0.482009 4.627582
-3.421770 -4.440338
3.195401 4.015360
-3.376025 3.383971
1.435196 -3.861487
-4.963161 0.943960
-3.722260 0.906526
4.270319 -0.251180
3.658062 4.177296
-2.166564 -4.388448
0.077212 4.815140
1.570034 3.131320
-3.583014 2.473071
0.653559 -4.410987
-5.350883 1.490056
-4.006751 0.912278
1.909194 4.472682
0.290375 3.373218
2.987950 4.328595
-0.144522 3.418013
-0.350520 4.157332
-4.015666 2.503704
-0.934098 3.362504
-3.225395 2.806328
1.920761 3.517691
1.058463 4.566184
-0.068572 -4.039725
-4.153194 1.629293
4.428828 1.805821
5.501498 -0.176469
-2.308069 -3.622083
-2.517668 4.884825
-4.184185 -0.842121
5.431637 1.163073
2.473424 -3.131485
3.584950 -3.272070
2.313295 -3.555453
-2.777919 3.160164
-0.392964 4.401542
-1.821104 -5.122147
2.757552 4.331152
3.774232 2.981614
0.479069 3.636880
-2.567402 -3.002760
2.440383 2.349213
2.666284 4.293456
-4.736668 0.152002
-4.291402 0.500606
-0.491101 -4.301079
5.184942 -0.831397
-2.758592 3.904269
4.879527 0.226911
-3.543537 -1.981764
-2.982934 2.214819
-3.846243 2.270590
1.513690 5.003850
-3.464421 -1.607277
-4.211899 -0.214013
-3.264418 -3.040263
-2.087553 -4.307051
-0.925727 5.282577
-0.266432 3.899851
-0.434998 3.794046
-1.703980 4.322527
2.949007 2.550543
1.944970 -4.204865
-1.588193 -3.732480
-0.784672 3.700539
1.180575 4.694094
2.707951 -4.077724
-2.074186 -3.741673
5.015064 -0.636480
3.739032 0.612566
4.500144 1.500392
-3.301671 -3.454267
-4.438852 3.248658
2.336672 4.276772
-4.063985 -1.515082
4.969715 -1.099304
5.228851 -0.899015
3.158689 -3.460998
1.071324 -4.591393
-3.503704 -3.965701
3.552158 2.087146
1.322186 -3.535990
3.689800 4.200314
-4.270818 0.044950
-0.951140 -3.564689
5.143568 2.060215
0.231804 5.223485
-0.630766 -3.895061
3.980928 2.637600
-3.934126 -3.841724
4.490468 -2.119962
2.996061 2.344472
-3.456175 -3.368236
-3.963913 -1.825603
-2.632711 -3.333640
5.549006 -0.207669
-1.980816 4.346659
-2.375232 2.648455
-3.199081 3.741971
3.031942 3.251868
4.159760 2.762346
4.462848 2.647008
1.146695 5.373783
4.193544 0.143132
3.654556 -1.351172
-0.892861 -5.108024
-3.648993 1.555004
-1.711754 -4.907477
-2.862188 -2.230358
-3.539649 -0.013686
1.798563 -4.542623
0.204940 3.946739
1.823919 -5.255079
-3.017177 -2.687744
2.420111 4.276276
-1.395318 -5.212224
2.083325 3.877831
3.711642 3.918233
-3.643076 -1.805308
-1.640356 -3.062093
4.156750 3.570548
-5.339682 -1.556169
-3.649315 1.143007
-0.725598 5.486469
0.593963 4.402854
2.633624 -2.784579
-2.635575 3.175860
-3.539671 -0.772700
2.220930 2.724931
-2.434252 2.633228
1.469703 4.100969
-4.249007 -2.368192
-3.039789 1.498684
-0.617117 3.581685
3.248774 -4.336098
5.352904 0.414062
0.066373 -3.560367
2.606528 -2.385907
-3.676851 -0.223720
-4.603320 -1.887701
-3.857581 3.179160
-5.331415 1.171441
0.731591 4.869979
-4.607251 1.195534
-2.041450 -4.570255
-1.090629 5.030695
-4.051478 -1.909940
4.620656 -1.947068
3.462889 1.993416
0.208922 3.415202
-2.198079 -4.895360
0.277200 -4.736949
2.962954 3.793736
-2.632231 -2.538955
0.334578 4.026031
-1.891946 -4.452740
4.153010 1.595278
2.140031 -4.240722
-4.945713 -1.423881
4.747069 0.649332
3.243544 -1.637192
-0.933269 -3.275839
1.501477 3.783281
-1.346363 3.423146
4.319192 -3.268418
1.416341 4.950834
3.640519 -2.095726
-2.433224 2.478913
-3.535581 -2.843660
-3.867150 -3.282837
-1.335084 5.080600
-2.700725 -4.770423
2.647936 3.944844
3.939794 1.150386
-4.107545 1.276032
-2.697630 -3.666958
-0.122391 -4.418069
2.279146 -3.268386
4.659077 -1.716593
4.374726 -0.440929
-3.021397 -3.189699
-3.805281 2.411621
-1.603093 -3.941125
-0.733022 -3.627565
3.093362 -4.202896
2.130239 -4.843592
1.307293 -5.003449
0.389582 3.727967
-0.540611 3.379753
-2.530442 2.521382
0.942865 -4.271984
3.528243 1.815121
-1.586889 3.536394
1.538166 5.003578
-2.501125 4.083161
1.236389 -4.400227
1.168647 -4.187161
2.607768 -2.374111
3.444616 -4.344616
-2.462860 -4.786273
3.182637 1.768565
-5.094200 2.050923
-0.219536 -3.458359
-3.563684 3.375229
1.667523 4.759022
-2.566981 -4.937404
-4.588920 -3.058029
-0.828907 4.720084
3.485873 -3.463521
-0.873368 5.450543
-1.692633 4.457664
-4.519687 3.068340
-3.309407 1.324019
-0.884567 -5.469794
-3.532118 0.227042
4.717833 -1.608850
2.897281 -3.078950
1.846290 -2.902240
-1.947294 -4.619981
4.122456 1.972169
-2.968291 2.662953
-3.517636 -3.654244
-5.022475 -0.192931
1.851933 -3.106927
-1.309966 4.364363
2.553160 -4.622537
3.701043 1.473998
2.505241 3.436133
0.754402 -4.948653
-3.385469 -2.673517
3.854642 -3.479994
4.236031 2.008291
1.776506 -3.864076
-4.182221 2.800268
0.979853 5.435139
0.672765 -5.548362
-1.054797 3.365545
0.841361 -3.530749
4.657727 -1.085643
3.518595 1.361857
-1.374768 -4.064502
4.928800 -1.010125
5.556737 0.183238
-3.351424 4.485337
-5.022316 1.630487
4.520942 3.144065
0.564689 4.324241
4.947580 1.474248
-5.484995 -0.363617
-4.106738 -2.809301
1.150917 3.587230
-2.429444 -4.107130
3.448013 -4.020418
-1.491851 -4.410364
-0.685332 -3.386964
-0.047384 3.648047
-2.309903 -2.984504
-0.090997 5.120241
1.151369 -3.730819
-1.030455 -3.819531
0.804983 5.531005
-0.003616 -4.965888
2.279155 4.728914
5.206198 0.054434
3.550646 4.131036
2.009109 4.127764
5.469628 0.400287
-1.232948 -4.615700
5.029216 -1.017551
-2.494963 -3.349740
-3.825803 1.882954
3.139011 -2.295378
-2.068673 3.272114
-3.763715 2.738265
3.910845 -3.679003
2.714875 -2.524511
4.312161 -2.856980
-1.748115 -3.983734
5.185274 -0.546846
2.956500 -4.687195
0.414509 -5.227385
4.317310 -1.125511
-5.251745 0.123268
-4.246714 -2.431262
4.717977 -2.812993
-0.084128 4.629105
1.410045 -4.140252
-4.353031 1.661308
-4.782076 -0.081513
-2.980896 -4.567727
-3.956750 3.478156
0.979133 3.460890
-1.393964 -3.872880
4.167552 -2.238930
2.911138 1.707040
-3.468545 -1.949603
-3.366595 4.335095
-4.171646 -0.187986
-3.670556 0.629990
-2.961481 -4.011604
2.496286 3.888970
3.668572 0.580211
1.300131 -3.870984
0.300408 3.427559
3.385776 0.058733
-1.719519 4.889522
3.467304 -3.842125
-3.421685 -4.330958
-1.888174 3.872652
3.987828 -1.359811
-2.820800 3.140091
1.323042 -4.006010
3.972406 -2.347585
-0.097117 -4.667415
1.092835 3.925567
0.143088 4.089596
2.295900 -3.677219
2.168263 4.752164
-3.552890 -0.399854
-2.219798 2.992050
-5.518016 0.587073
-4.519990 0.828827
-4.223987 1.642490
-0.143068 4.336193
-2.766734 -3.553542
-5.100256 -0.988960
-4.037235 3.089769
-1.273240 -3.857546
-3.557119 1.656269
0.100993 -4.055184
3.600317 -2.081112
-3.406552 -3.358308
1.928613 -4.598898
-1.279427 5.275224
-5.307630 0.045146
-4.764382 0.735433
-3.834167 -3.658838
4.645867 2.939477
-2.878579 3.686290
1.892370 -4.573313
2.366001 -3.072852
-4.183180 -2.992174
-1.278279 4.721933
3.708058 -4.171915
-1.788720 -4.022329
-1.950760 -4.181274
2.494422 4.736518
3.821202 3.559870
-4.234297 -0.070956
-3.158510 -3.132417
1.665073 3.960908
-4.980404 -2.025612
3.438299 -1.157119
-0.291078 5.001902
-2.804223 2.421873
2.771617 -2.129209
-3.953702 -3.902078
2.581042 -4.796687
3.004418 2.503682
-3.291375 -4.364170
-3.225361 1.144708
5.373898 -0.598391
3.587343 -2.945109
-2.674346 -3.971363
-1.923644 5.251091
-2.677390 4.699147
3.038009 -2.584057
-4.102453 -1.296362
1.036518 4.253865
-4.073571 -1.129234
-2.656563 4.776029
5.119566 -1.429611
-2.913906 3.559766
3.530838 -3.267290
-0.090741 -3.752265
0.013581 4.284710
-0.898958 -3.425692
4.624443 2.122050
3.303919 2.134652
0.453046 3.845141
-4.621882 0.894209
3.042000 -4.585928
5.165684 -0.853619
-0.487161 -3.995648
-0.701400 -4.446432
2.636348 -3.396139
3.491092 -2.849614
-2.210245 3.922276
-1.946991 -3.482474
2.446728 3.347552
-2.583726 2.589733
-4.235767 2.485272
-2.341684 -3.258692
-1.897447 4.835198
-3.957016 -2.059380
0.150326 -4.725805
4.184888 -1.960900
-3.080366 -3.041074
3.780577 -1.343388
2.073380 3.143479
-3.043256 2.495357
-0.039198 5.532218
1.378520 -3.627190
4.163454 3.139035
4.176226 2.306042
3.765623 -2.900237
-3.997292 -1.683441
3.828149 -0.821435
-1.617041 4.147736
3.835352 -0.604079
3.379459 3.335710
-0.838313 4.019580
-0.224001 -4.764574
-5.461663 0.573866
-4.390307 2.810514
1.947051 -3.592350
-3.210139 -2.549726
-2.809261 4.646694
1.916787 -5.111523
-3.221669 4.054569
2.058518 -3.535690
0.058841 3.667961
2.714523 4.179934
-3.710758 1.124476
-1.609919 -4.193615
-3.105708 3.744380
-3.501877 1.277892
2.325219 -3.798864
1.326247 5.410545
4.016275 -2.402600
-1.942814 -5.145016
1.179017 5.042794
4.006619 1.376049
1.413769 4.903402
3.418030 4.171019
-3.041669 -1.661372
-3.392174 0.953300
5.054807 -1.534070
1.863966 3.207217
3.032347 3.095033
4.942200 2.351899
-2.800055 4.110263
3.587860 0.984872
-3.720045 -1.822769
2.432452 -4.197606
4.094966 1.849963
1.660837 3.505830
-3.032420 -2.971331
-1.598479 -4.298361
5.499151 0.152586
-4.516090 -2.104177
-0.016147 -4.935789
-2.539906 2.221010
0.546262 4.412403
-2.983614 3.350209
0.238806 -3.647420
2.152465 5.113561
0.977454 3.796992
-4.245231 -2.691004
-3.564482 -1.400092
1.838147 3.712826
1.772154 4.854518
3.775466 0.950288
4.614284 -2.779215
0.942621 3.742502
3.960822 -1.297278
-5.465281 0.858851
3.167357 -3.138092
-3.091893 -4.116234
2.775552 4.066564
3.034115 -4.183404
-1.762147 -4.170403
3.558962 -2.266307
1.710287 -5.187834
0.547634 5.212070
1.854580 -3.356712
-4.785434 1.128087
1.088914 3.442820
3.087585 3.052273
2.950740 -2.228902
-1.625931 4.049728
-3.828173 -1.993236
4.706984 2.957494
-3.034616 4.601579
3.673531 1.516609
4.845005 1.941490
-3.085578 -3.814487
-3.903517 -2.211936
2.535862 -2.639900
1.579536 5.214280
2.516155 4.380046
5.338031 -1.005120
3.524209 -0.587325
-0.395193 4.349542
4.593416 1.920831
1.543652 -4.328174
4.666818 1.473783
4.263687 3.462000
2.089985 4.218384
2.599721 2.859771
1.078505 -3.686267
-1.137031 3.938515
4.314533 -2.544657
4.622593 -0.242002
3.595346 -0.655707
0.256470 -3.937739
-4.723727 2.055930
2.331587 -3.788676
-2.687411 -2.437319
-5.278689 0.227373
1.900378 -3.329488
0.981015 -4.990023
-3.644708 -0.445164
3.796686 2.500290
-3.816293 1.385751
-2.020831 -4.041566
1.511572 -3.058702
4.567355 -2.540516
2.319924 -4.817012
-4.460823 2.215051
5.201503 -1.017014
-3.905673 -3.522277
-0.229356 -5.190109
-3.027794 -3.807963
3.825572 -1.061042
2.508317 -2.923838
-3.929465 -3.489178
2.869544 -3.366352
-2.138290 3.001377
1.968907 -5.101585
-3.132219 2.853539
4.637911 1.051962
4.644976 1.081614
-2.524437 4.709845
0.354139 3.902344
4.603292 1.566751
4.422973 3.004102
-1.286268 -5.412623
2.561422 -3.213084
0.832979 4.392780
3.667848 -2.597175
-2.347022 -3.180727
-1.179950 -4.131308
-1.755195 -3.648353
3.723507 0.746098
3.401049 -0.330451
-3.717988 -1.324834
-2.293044 -2.676609
-2.887544 4.171154
-1.961959 4.792254
2.135266 3.986709
-4.062090 3.140404
2.836822 -2.796452
3.626302 -3.118579
3.356495 1.071959
2.647271 3.508870
-4.212485 0.387796
-4.885498 -1.689345
4.123501 -1.424902
5.100218 -0.906178
-2.658188 4.055090
-3.780262 -3.430972
-4.044744 -1.913448
-5.085785 1.948026
-3.437548 0.229128
3.142312 -2.772668
2.160443 -3.874806
1.812234 -4.002471
-2.300039 -2.650069
1.194846 4.215315
-3.794039 -0.644762
3.446747 -0.157684
5.133932 1.708346
3.235625 -3.139201
2.750021 2.564676
3.275762 2.489933
1.941820 4.151106
5.134702 -1.727032
-0.787590 4.777453
2.401183 -4.985408
4.166490 2.246577
0.799776 4.838304
4.141661 2.294228
-0.846457 5.099076
-3.519200 3.230820
2.444936 -3.579428
4.307091 -3.475533
2.769968 4.212668
2.349715 4.958885
0.712292 -3.817780
-4.898352 -0.730715
5.212763 -1.352226
-5.239148 1.202734
1.225765 5.168036
0.809246 -4.785840
-4.524883 -1.070665
-4.296578 0.724552
2.947198 -1.696422
-0.022821 -3.660802
-2.441128 -2.506951
-4.982481 1.671255
-1.349143 3.136826
3.618416 -2.643894
4.694199 1.437081
2.933743 3.373690
-4.310287 2.540813
-2.596255 -4.710923
5.035056 -1.925879
4.554286 0.103796
-3.127548 -2.368856
-3.213325 3.882702
-3.412527 3.291567
-3.870031 1.538723
-2.966342 3.850225
2.932996 3.390758
4.939386 2.283698
2.490665 4.529473
4.335934 -0.528820
-4.193417 -1.064576
-4.399217 0.777343
3.644219 1.942074
-1.866607 4.374974
3.077769 3.405585
4.890731 -0.438811
4.868577 -0.817121
-2.871875 -2.429019
-2.989302 -3.024802
5.018392 -1.430443
0.350037 4.443343
-3.740076 2.719946
-2.491779 4.163681
-2.704671 -2.018458
0.585460 -5.024233
2.781927 4.229237
2.598197 2.763544
3.771245 1.920175
-4.751917 -2.566841
-3.473585 0.924255
3.905759 -2.831783
0.345847 4.101422
-4.001826 -1.885708
-1.340613 -4.990295
0.251334 -3.569197
-4.171004 -1.354318
4.723024 2.436242
-0.804389 4.261286
-3.129383 -2.558064
-2.839409 -4.435439
-2.809726 -3.110328
3.650980 -3.752905
2.860379 -2.081015
4.909242 0.227690
2.852668 -3.404875
2.473469 -3.236567
5.249636 -1.973015
4.478385 -1.140949
0.966580 5.091855
3.492658 2.747596
-2.984820 -4.467070
2.203665 3.834823
3.780908 -0.760409
4.501403 1.694164
4.221331 -0.045618
4.483162 2.921077
-0.524097 3.659981
-3.563939 -4.183029
-4.781256 -0.034948
