328.125000 734.375000
261.718750 730.468750
300.781250 667.968750
324.218750 691.406250
320.312500 625.000000
347.656250 714.843750
296.875000 648.437500
300.781250 703.125000
312.500000 679.687500
363.281250 761.718750
382.812500 742.187500
308.593750 687.500000
382.812500 699.218750
308.593750 691.406250
339.843750 789.062500
308.593750 710.937500
273.437500 812.500000
281.250000 785.156250
335.937500 734.375000
335.937500 734.375000
375.000000 843.750000
324.218750 675.781250
320.312500 695.312500
320.312500 695.312500
402.343750 750.000000
332.031250 707.031250
339.843750 714.843750
351.562500 707.031250
343.750000 714.843750
308.593750 753.906250
355.468750 710.937500
304.687500 757.812500
304.687500 816.406250
359.375000 722.656250
316.406250 753.906250
390.625000 714.843750
355.468750 730.468750
359.375000 726.562500
375.000000 722.656250
445.312500 710.937500
328.125000 738.281250
500.000000 839.843750
359.375000 718.750000
316.406250 734.375000
363.281250 718.750000
312.500000 734.375000
339.843750 714.843750
371.093750 726.562500
312.500000 726.562500
328.125000 722.656250
339.843750 726.562500
335.937500 730.468750
406.250000 730.468750
351.562500 730.468750
328.125000 734.375000
312.500000 730.468750
351.562500 734.375000
339.843750 730.468750
308.593750 738.281250
308.593750 957.031250
230.468750 648.437500
347.656250 742.187500
351.562500 742.187500
355.468750 746.093750
343.750000 757.812500
343.750000 753.906250
355.468750 742.187500
324.218750 757.812500
335.937500 750.000000
304.687500 832.031250
332.031250 753.906250
312.500000 796.875000
296.875000 890.625000
347.656250 742.187500
328.125000 753.906250
335.937500 757.812500
363.281250 750.000000
343.750000 753.906250
308.593750 777.343750
351.562500 761.718750
312.500000 765.625000
304.687500 785.156250
289.062500 828.125000
300.781250 785.156250
441.406250 750.000000
312.500000 777.343750
316.406250 777.343750
300.781250 773.437500
300.781250 773.437500
324.218750 769.531250
308.593750 828.125000
367.187500 750.000000
738.281250 1000.000000
328.125000 781.250000
746.093750 1000.000000
355.468750 746.093750
296.875000 789.062500
375.000000 746.093750
484.375000 820.312500
718.750000 1000.000000
296.875000 753.906250
257.812500 757.812500
300.781250 757.812500
328.125000 757.812500
285.156250 753.906250
386.718750 714.843750
355.468750 691.406250
296.875000 796.875000
316.406250 722.656250
316.406250 695.312500
300.781250 742.187500
332.031250 695.312500
312.500000 683.593750
343.750000 992.187500
312.500000 757.812500
347.656250 1000.000000
375.000000 675.781250
304.687500 765.625000
339.843750 687.500000
343.750000 695.312500
296.875000 765.625000
320.312500 726.562500
367.187500 804.687500
363.281250 757.812500
359.375000 875.000000
355.468750 875.000000
359.375000 871.093750
359.375000 855.468750
363.281250 843.750000
347.656250 894.531250
363.281250 832.031250
363.281250 824.218750
394.531250 796.875000
359.375000 824.218750
355.468750 812.500000
359.375000 820.312500
371.093750 812.500000
363.281250 812.500000
371.093750 812.500000
367.187500 808.593750
378.906250 800.781250
378.906250 792.968750
371.093750 800.781250
386.718750 781.250000
371.093750 796.875000
394.531250 769.531250
382.812500 785.156250
386.718750 785.156250
382.812500 785.156250
382.812500 792.968750
375.000000 792.968750
371.093750 828.125000
375.000000 796.875000
382.812500 792.968750
367.187500 796.875000
398.437500 789.062500
371.093750 800.781250
398.437500 785.156250
375.000000 816.406250
390.625000 796.875000
386.718750 800.781250
386.718750 800.781250
398.437500 792.968750
394.531250 804.687500
390.625000 800.781250
386.718750 808.593750
406.250000 781.250000
398.437500 796.875000
406.250000 796.875000
382.812500 808.593750
406.250000 796.875000
406.250000 789.062500
402.343750 796.875000
398.437500 800.781250
402.343750 796.875000
410.156250 789.062500
406.250000 796.875000
414.062500 789.062500
402.343750 800.781250
390.625000 808.593750
394.531250 812.500000
390.625000 808.593750
386.718750 808.593750
394.531250 812.500000
394.531250 816.406250
398.437500 820.312500
417.968750 812.500000
402.343750 824.218750
398.437500 824.218750
394.531250 812.500000
406.250000 828.125000
406.250000 800.781250
406.250000 816.406250
417.968750 832.031250
421.875000 824.218750
410.156250 839.843750
414.062500 816.406250
417.968750 902.343750
433.593750 824.218750
394.531250 773.437500
417.968750 773.437500
406.250000 847.656250
402.343750 824.218750
406.250000 824.218750
406.250000 816.406250
406.250000 820.312500
406.250000 816.406250
406.250000 824.218750
414.062500 820.312500
414.062500 828.125000
417.968750 824.218750
410.156250 828.125000
414.062500 808.593750
414.062500 808.593750
414.062500 804.687500
410.156250 812.500000
406.250000 808.593750
414.062500 808.593750
421.875000 800.781250
406.250000 812.500000
402.343750 812.500000
406.250000 812.500000
394.531250 812.500000
414.062500 800.781250
402.343750 808.593750
406.250000 808.593750
402.343750 808.593750
406.250000 808.593750
410.156250 808.593750
410.156250 812.500000
414.062500 812.500000
406.250000 816.406250
414.062500 816.406250
417.968750 812.500000
414.062500 812.500000
406.250000 820.312500
398.437500 820.312500
414.062500 816.406250
425.781250 804.687500
429.687500 800.781250
417.968750 812.500000
433.593750 789.062500
429.687500 796.875000
406.250000 824.218750
421.875000 812.500000
421.875000 812.500000
421.875000 812.500000
417.968750 816.406250
406.250000 820.312500
398.437500 820.312500
406.250000 820.312500
414.062500 816.406250
417.968750 816.406250
421.875000 812.500000
421.875000 812.500000
390.625000 812.500000
406.250000 816.406250
406.250000 812.500000
425.781250 808.593750
414.062500 812.500000
414.062500 812.500000
414.062500 812.500000
414.062500 812.500000
433.593750 800.781250
425.781250 808.593750
421.875000 808.593750
410.156250 812.500000
433.593750 800.781250
414.062500 812.500000
421.875000 808.593750
410.156250 812.500000
421.875000 808.593750
406.250000 812.500000
417.968750 808.593750
429.687500 804.687500
417.968750 808.593750
410.156250 812.500000
425.781250 808.593750
417.968750 812.500000
414.062500 812.500000
410.156250 816.406250
425.781250 812.500000
414.062500 816.406250
406.250000 816.406250
437.500000 800.781250
417.968750 816.406250
414.062500 812.500000
425.781250 800.781250
414.062500 804.687500
417.968750 796.875000
421.875000 792.968750
425.781250 792.968750
429.687500 800.781250
441.406250 800.781250
421.875000 792.968750
425.781250 808.593750
429.687500 816.406250
433.593750 828.125000
441.406250 820.312500
433.593750 843.750000
445.312500 894.531250
210.937500 1000.000000
253.906250 601.562500
382.812500 941.406250
386.718750 781.250000
347.656250 753.906250
371.093750 769.531250
300.781250 792.968750
347.656250 742.187500
390.625000 691.406250
359.375000 734.375000
359.375000 726.562500
343.750000 734.375000
343.750000 738.281250
359.375000 718.750000
347.656250 726.562500
351.562500 726.562500
359.375000 722.656250
347.656250 730.468750
363.281250 714.843750
359.375000 726.562500
359.375000 734.375000
343.750000 742.187500
355.468750 742.187500
355.468750 742.187500
347.656250 746.093750
375.000000 730.468750
351.562500 746.093750
410.156250 707.031250
402.343750 714.843750
394.531250 730.468750
394.531250 734.375000
402.343750 734.375000
398.437500 734.375000
402.343750 738.281250
398.437500 738.281250
394.531250 738.281250
367.187500 757.812500
414.062500 738.281250
402.343750 734.375000
402.343750 738.281250
382.812500 753.906250
398.437500 738.281250
390.625000 738.281250
390.625000 738.281250
402.343750 738.281250
390.625000 746.093750
394.531250 742.187500
414.062500 734.375000
378.906250 757.812500
394.531250 746.093750
398.437500 746.093750
386.718750 753.906250
367.187500 761.718750
394.531250 746.093750
402.343750 742.187500
410.156250 742.187500
394.531250 746.093750
406.250000 738.281250
398.437500 742.187500
375.000000 765.625000
406.250000 742.187500
386.718750 761.718750
398.437500 746.093750
386.718750 761.718750
406.250000 742.187500
414.062500 742.187500
382.812500 761.718750
410.156250 750.000000
386.718750 761.718750
394.531250 761.718750
406.250000 750.000000
410.156250 753.906250
390.625000 765.625000
390.625000 765.625000
406.250000 753.906250
398.437500 761.718750
417.968750 757.812500
390.625000 773.437500
402.343750 769.531250
406.250000 761.718750
402.343750 769.531250
394.531250 777.343750
437.500000 765.625000
406.250000 777.343750
414.062500 781.250000
421.875000 781.250000
429.687500 789.062500
410.156250 800.781250
429.687500 796.875000
445.312500 792.968750
441.406250 796.875000
433.593750 800.781250
417.968750 812.500000
445.312500 789.062500
425.781250 800.781250
417.968750 800.781250
429.687500 792.968750
425.781250 812.500000
417.968750 820.312500
425.781250 820.312500
406.250000 835.937500
429.687500 832.031250
464.843750 824.218750
437.500000 816.406250
414.062500 816.406250
406.250000 832.031250
359.375000 917.968750
367.187500 894.531250
363.281250 890.625000
375.000000 886.718750
363.281250 886.718750
363.281250 882.812500
359.375000 875.000000
363.281250 875.000000
371.093750 875.000000
375.000000 863.281250
371.093750 859.375000
386.718750 851.562500
378.906250 851.562500
382.812500 847.656250
367.187500 851.562500
363.281250 851.562500
367.187500 855.468750
363.281250 855.468750
359.375000 855.468750
378.906250 855.468750
363.281250 859.375000
363.281250 859.375000
367.187500 863.281250
359.375000 863.281250
363.281250 867.187500
390.625000 863.281250
363.281250 867.187500
375.000000 871.093750
386.718750 871.093750
390.625000 871.093750
378.906250 882.812500
371.093750 882.812500
414.062500 867.187500
378.906250 898.437500
382.812500 890.625000
398.437500 875.000000
410.156250 867.187500
394.531250 878.906250
410.156250 863.281250
406.250000 871.093750
398.437500 882.812500
410.156250 871.093750
410.156250 878.906250
398.437500 886.718750
414.062500 875.000000
406.250000 882.812500
410.156250 878.906250
421.875000 871.093750
421.875000 871.093750
398.437500 890.625000
414.062500 867.187500
417.968750 863.281250
406.250000 875.000000
414.062500 863.281250
406.250000 867.187500
406.250000 867.187500
410.156250 863.281250
414.062500 847.656250
410.156250 859.375000
410.156250 855.468750
402.343750 855.468750
406.250000 847.656250
402.343750 847.656250
406.250000 855.468750
410.156250 847.656250
410.156250 835.937500
410.156250 832.031250
410.156250 832.031250
417.968750 839.843750
410.156250 828.125000
414.062500 828.125000
410.156250 828.125000
414.062500 828.125000
421.875000 828.125000
410.156250 832.031250
421.875000 832.031250
417.968750 832.031250
414.062500 835.937500
417.968750 839.843750
417.968750 839.843750
417.968750 843.750000
425.781250 847.656250
421.875000 851.562500
425.781250 859.375000
425.781250 859.375000
429.687500 863.281250
429.687500 871.093750
429.687500 878.906250
433.593750 886.718750
445.312500 882.812500
453.125000 886.718750
453.125000 890.625000
457.031250 894.531250
468.750000 890.625000
460.937500 894.531250
421.875000 902.343750
437.500000 906.250000
429.687500 906.250000
425.781250 914.062500
445.312500 906.250000
429.687500 914.062500
433.593750 882.812500
437.500000 902.343750
425.781250 929.687500
429.687500 933.593750
437.500000 949.218750
421.875000 894.531250
324.218750 804.687500
382.812500 820.312500
402.343750 1000.000000
367.187500 804.687500
390.625000 777.343750
371.093750 796.875000
363.281250 796.875000
378.906250 789.062500
375.000000 792.968750
375.000000 792.968750
378.906250 789.062500
378.906250 789.062500
382.812500 792.968750
394.531250 785.156250
394.531250 785.156250
394.531250 781.250000
394.531250 781.250000
371.093750 800.781250
371.093750 804.687500
375.000000 816.406250
371.093750 820.312500
386.718750 824.218750
378.906250 828.125000
367.187500 828.125000
386.718750 832.031250
398.437500 824.218750
406.250000 824.218750
406.250000 828.125000
402.343750 832.031250
398.437500 847.656250
402.343750 851.562500
378.906250 859.375000
378.906250 863.281250
394.531250 863.281250
371.093750 863.281250
378.906250 867.187500
371.093750 863.281250
398.437500 867.187500
410.156250 863.281250
378.906250 867.187500
410.156250 867.187500
394.531250 871.093750
378.906250 867.187500
382.812500 867.187500
402.343750 867.187500
425.781250 859.375000
417.968750 863.281250
410.156250 863.281250
425.781250 859.375000
390.625000 867.187500
425.781250 863.281250
437.500000 855.468750
441.406250 851.562500
441.406250 851.562500
441.406250 851.562500
441.406250 851.562500
445.312500 851.562500
437.500000 855.468750
433.593750 855.468750
441.406250 855.468750
445.312500 851.562500
417.968750 867.187500
441.406250 851.562500
449.218750 855.468750
453.125000 855.468750
445.312500 851.562500
445.312500 851.562500
445.312500 851.562500
441.406250 855.468750
445.312500 859.375000
449.218750 855.468750
445.312500 859.375000
445.312500 863.281250
445.312500 859.375000
449.218750 867.187500
449.218750 863.281250
453.125000 863.281250
453.125000 867.187500
457.031250 867.187500
457.031250 871.093750
457.031250 863.281250
453.125000 871.093750
453.125000 871.093750
449.218750 871.093750
449.218750 875.000000
449.218750 863.281250
441.406250 875.000000
449.218750 871.093750
441.406250 875.000000
449.218750 871.093750
449.218750 878.906250
425.781250 890.625000
453.125000 878.906250
453.125000 882.812500
449.218750 882.812500
457.031250 878.906250
449.218750 882.812500
460.937500 878.906250
464.843750 878.906250
468.750000 878.906250
476.562500 882.812500
476.562500 882.812500
488.281250 886.718750
488.281250 886.718750
464.843750 890.625000
460.937500 890.625000
457.031250 890.625000
464.843750 886.718750
472.656250 875.000000
449.218750 894.531250
472.656250 855.468750
453.125000 882.812500
433.593750 890.625000
476.562500 875.000000
460.937500 882.812500
457.031250 863.281250
433.593750 894.531250
429.687500 914.062500
421.875000 906.250000
445.312500 902.343750
488.281250 875.000000
363.281250 742.187500
265.625000 593.750000
382.812500 750.000000
328.125000 726.562500
335.937500 699.218750
320.312500 699.218750
324.218750 691.406250
324.218750 687.500000
359.375000 1000.000000
320.312500 687.500000
320.312500 699.218750
339.843750 804.687500
316.406250 683.593750
324.218750 683.593750
316.406250 683.593750
312.500000 773.437500
320.312500 691.406250
316.406250 691.406250
332.031250 710.937500
339.843750 1000.000000
320.312500 691.406250
320.312500 687.500000
332.031250 812.500000
332.031250 863.281250
320.312500 691.406250
316.406250 648.437500
328.125000 699.218750
328.125000 660.156250
332.031250 804.687500
339.843750 816.406250
316.406250 699.218750
339.843750 816.406250
300.781250 742.187500
332.031250 921.875000
328.125000 707.031250
363.281250 855.468750
320.312500 703.125000
320.312500 703.125000
320.312500 703.125000
339.843750 742.187500
320.312500 699.218750
332.031250 734.375000
328.125000 710.937500
332.031250 691.406250
3.906250 320.312500
339.843750 824.218750
328.125000 707.031250
328.125000 703.125000
332.031250 707.031250
332.031250 714.843750
347.656250 730.468750
328.125000 707.031250
332.031250 707.031250
332.031250 707.031250
371.093750 925.781250
335.937500 710.937500
324.218750 789.062500
375.000000 945.312500
328.125000 792.968750
328.125000 718.750000
359.375000 746.093750
359.375000 683.593750
328.125000 707.031250
351.562500 707.031250
328.125000 710.937500
328.125000 714.843750
343.750000 722.656250
328.125000 718.750000
343.750000 722.656250
335.937500 718.750000
351.562500 707.031250
363.281250 750.000000
328.125000 718.750000
332.031250 718.750000
343.750000 718.750000
359.375000 679.687500
359.375000 703.125000
367.187500 750.000000
355.468750 703.125000
390.625000 1000.000000
347.656250 738.281250
359.375000 703.125000
347.656250 718.750000
335.937500 726.562500
335.937500 726.562500
363.281250 699.218750
339.843750 781.250000
363.281250 1000.000000
402.343750 753.906250
363.281250 660.156250
382.812500 785.156250
367.187500 707.031250
410.156250 789.062500
347.656250 746.093750
449.218750 792.968750
339.843750 738.281250
332.031250 761.718750
339.843750 753.906250
445.312500 789.062500
351.562500 609.375000
273.437500 832.031250
371.093750 820.312500
273.437500 546.875000
375.000000 738.281250
371.093750 695.312500
367.187500 714.843750
363.281250 714.843750
359.375000 718.750000
371.093750 703.125000
375.000000 691.406250
363.281250 703.125000
359.375000 707.031250
355.468750 703.125000
371.093750 691.406250
363.281250 699.218750
355.468750 703.125000
355.468750 703.125000
355.468750 699.218750
359.375000 699.218750
355.468750 699.218750
355.468750 699.218750
351.562500 703.125000
351.562500 703.125000
347.656250 699.218750
355.468750 710.937500
351.562500 699.218750
347.656250 703.125000
347.656250 703.125000
347.656250 703.125000
351.562500 703.125000
347.656250 703.125000
347.656250 703.125000
351.562500 703.125000
339.843750 703.125000
339.843750 703.125000
351.562500 707.031250
347.656250 707.031250
355.468750 703.125000
347.656250 707.031250
343.750000 707.031250
343.750000 707.031250
351.562500 707.031250
347.656250 707.031250
347.656250 707.031250
347.656250 703.125000
351.562500 707.031250
355.468750 707.031250
351.562500 707.031250
347.656250 707.031250
347.656250 707.031250
351.562500 707.031250
355.468750 707.031250
347.656250 707.031250
394.531250 664.062500
363.281250 699.218750
351.562500 707.031250
359.375000 703.125000
343.750000 730.468750
339.843750 750.000000
363.281250 703.125000
351.562500 707.031250
375.000000 687.500000
351.562500 703.125000
347.656250 707.031250
355.468750 707.031250
355.468750 710.937500
367.187500 703.125000
371.093750 695.312500
355.468750 707.031250
351.562500 707.031250
359.375000 710.937500
371.093750 699.218750
351.562500 707.031250
367.187500 703.125000
359.375000 710.937500
367.187500 707.031250
375.000000 703.125000
347.656250 738.281250
359.375000 710.937500
375.000000 703.125000
343.750000 757.812500
382.812500 699.218750
363.281250 761.718750
367.187500 714.843750
382.812500 703.125000
343.750000 761.718750
382.812500 703.125000
382.812500 703.125000
382.812500 707.031250
382.812500 703.125000
375.000000 738.281250
328.125000 746.093750
410.156250 691.406250
355.468750 765.625000
347.656250 746.093750
390.625000 699.218750
382.812500 746.093750
367.187500 718.750000
390.625000 703.125000
375.000000 714.843750
371.093750 757.812500
398.437500 703.125000
339.843750 746.093750
363.281250 761.718750
351.562500 761.718750
335.937500 742.187500
429.687500 695.312500
386.718750 703.125000
343.750000 738.281250
410.156250 714.843750
386.718750 703.125000
367.187500 718.750000
394.531250 707.031250
367.187500 718.750000
386.718750 707.031250
371.093750 742.187500
410.156250 703.125000
386.718750 707.031250
406.250000 714.843750
390.625000 707.031250
394.531250 707.031250
390.625000 707.031250
328.125000 726.562500
367.187500 714.843750
351.562500 742.187500
339.843750 753.906250
339.843750 730.468750
703.125000 1000.000000
386.718750 714.843750
328.125000 730.468750
414.062500 734.375000
375.000000 699.218750
335.937500 671.875000
714.843750 1000.000000
363.281250 679.687500
417.968750 839.843750
406.250000 808.593750
386.718750 820.312500
394.531250 812.500000
390.625000 800.781250
382.812500 785.156250
378.906250 777.343750
375.000000 769.531250
375.000000 769.531250
371.093750 769.531250
375.000000 765.625000
375.000000 761.718750
375.000000 765.625000
375.000000 757.812500
371.093750 757.812500
371.093750 757.812500
371.093750 753.906250
371.093750 753.906250
367.187500 746.093750
371.093750 750.000000
367.187500 753.906250
371.093750 753.906250
371.093750 753.906250
367.187500 753.906250
367.187500 750.000000
371.093750 753.906250
371.093750 750.000000
363.281250 750.000000
367.187500 750.000000
367.187500 750.000000
367.187500 750.000000
367.187500 750.000000
367.187500 750.000000
367.187500 746.093750
367.187500 750.000000
367.187500 746.093750
367.187500 750.000000
367.187500 750.000000
371.093750 750.000000
367.187500 750.000000
371.093750 750.000000
371.093750 750.000000
363.281250 746.093750
367.187500 750.000000
367.187500 746.093750
367.187500 746.093750
367.187500 746.093750
367.187500 746.093750
371.093750 746.093750
367.187500 742.187500
363.281250 746.093750
367.187500 742.187500
363.281250 746.093750
367.187500 742.187500
363.281250 742.187500
367.187500 742.187500
367.187500 742.187500
367.187500 742.187500
363.281250 742.187500
367.187500 742.187500
363.281250 742.187500
363.281250 742.187500
367.187500 742.187500
363.281250 742.187500
363.281250 742.187500
367.187500 742.187500
363.281250 742.187500
363.281250 742.187500
367.187500 742.187500
363.281250 742.187500
363.281250 746.093750
363.281250 742.187500
363.281250 742.187500
363.281250 742.187500
367.187500 742.187500
363.281250 742.187500
367.187500 742.187500
363.281250 734.375000
363.281250 738.281250
363.281250 742.187500
363.281250 738.281250
367.187500 742.187500
363.281250 742.187500
363.281250 742.187500
363.281250 738.281250
363.281250 742.187500
363.281250 738.281250
363.281250 738.281250
367.187500 742.187500
363.281250 742.187500
363.281250 738.281250
371.093750 742.187500
367.187500 742.187500
371.093750 742.187500
371.093750 742.187500
367.187500 742.187500
367.187500 742.187500
367.187500 742.187500
367.187500 746.093750
371.093750 746.093750
367.187500 742.187500
371.093750 746.093750
367.187500 746.093750
371.093750 746.093750
367.187500 742.187500
371.093750 746.093750
367.187500 742.187500
367.187500 746.093750
371.093750 746.093750
378.906250 742.187500
371.093750 750.000000
359.375000 820.312500
378.906250 742.187500
371.093750 824.218750
367.187500 750.000000
371.093750 742.187500
390.625000 968.750000
359.375000 730.468750
375.000000 742.187500
394.531250 753.906250
347.656250 804.687500
339.843750 750.000000
390.625000 750.000000
367.187500 917.968750
410.156250 1000.000000
3.906250 414.062500
378.906250 843.750000
386.718750 855.468750
375.000000 843.750000
390.625000 824.218750
386.718750 808.593750
382.812500 804.687500
378.906250 808.593750
378.906250 800.781250
378.906250 796.875000
375.000000 789.062500
375.000000 785.156250
371.093750 781.250000
371.093750 777.343750
371.093750 773.437500
367.187500 769.531250
363.281250 769.531250
363.281250 765.625000
363.281250 761.718750
363.281250 757.812500
363.281250 757.812500
367.187500 753.906250
359.375000 757.812500
355.468750 753.906250
359.375000 753.906250
355.468750 753.906250
363.281250 746.093750
355.468750 746.093750
363.281250 746.093750
359.375000 746.093750
359.375000 742.187500
355.468750 742.187500
355.468750 738.281250
359.375000 742.187500
359.375000 746.093750
359.375000 742.187500
359.375000 746.093750
359.375000 746.093750
355.468750 742.187500
355.468750 742.187500
359.375000 746.093750
351.562500 742.187500
351.562500 746.093750
359.375000 746.093750
355.468750 750.000000
351.562500 753.906250
351.562500 757.812500
359.375000 753.906250
355.468750 765.625000
359.375000 757.812500
355.468750 765.625000
355.468750 769.531250
363.281250 761.718750
359.375000 765.625000
359.375000 777.343750
363.281250 769.531250
359.375000 781.250000
363.281250 769.531250
359.375000 769.531250
359.375000 773.437500
363.281250 769.531250
363.281250 765.625000
359.375000 769.531250
363.281250 765.625000
363.281250 765.625000
359.375000 769.531250
363.281250 769.531250
363.281250 765.625000
363.281250 765.625000
363.281250 761.718750
359.375000 761.718750
359.375000 761.718750
359.375000 757.812500
363.281250 757.812500
359.375000 757.812500
375.000000 730.468750
363.281250 753.906250
367.187500 750.000000
359.375000 753.906250
363.281250 757.812500
371.093750 742.187500
363.281250 753.906250
355.468750 746.093750
363.281250 757.812500
367.187500 753.906250
363.281250 757.812500
359.375000 757.812500
363.281250 757.812500
359.375000 757.812500
359.375000 757.812500
371.093750 750.000000
371.093750 753.906250
363.281250 757.812500
367.187500 757.812500
359.375000 757.812500
367.187500 757.812500
363.281250 761.718750
367.187500 757.812500
363.281250 761.718750
367.187500 761.718750
363.281250 765.625000
363.281250 761.718750
363.281250 761.718750
378.906250 726.562500
367.187500 761.718750
363.281250 761.718750
363.281250 761.718750
363.281250 757.812500
363.281250 761.718750
367.187500 761.718750
363.281250 757.812500
367.187500 757.812500
363.281250 757.812500
367.187500 757.812500
363.281250 757.812500
367.187500 761.718750
367.187500 757.812500
363.281250 757.812500
363.281250 757.812500
367.187500 753.906250
363.281250 753.906250
367.187500 753.906250
367.187500 753.906250
363.281250 753.906250
363.281250 753.906250
367.187500 753.906250
367.187500 753.906250
363.281250 750.000000
367.187500 753.906250
367.187500 750.000000
367.187500 750.000000
363.281250 750.000000
378.906250 718.750000
378.906250 667.968750
359.375000 738.281250
367.187500 773.437500
347.656250 835.937500
335.937500 656.250000
355.468750 839.843750
324.218750 656.250000
355.468750 757.812500
386.718750 765.625000
402.343750 757.812500
203.125000 785.156250
359.375000 738.281250
367.187500 746.093750
375.000000 757.812500
359.375000 757.812500
355.468750 746.093750
363.281250 738.281250
363.281250 730.468750
355.468750 726.562500
351.562500 718.750000
347.656250 714.843750
355.468750 714.843750
351.562500 714.843750
347.656250 707.031250
351.562500 710.937500
347.656250 710.937500
347.656250 710.937500
347.656250 710.937500
351.562500 714.843750
347.656250 714.843750
347.656250 714.843750
347.656250 714.843750
363.281250 707.031250
347.656250 718.750000
351.562500 718.750000
355.468750 718.750000
347.656250 718.750000
347.656250 714.843750
347.656250 714.843750
351.562500 714.843750
351.562500 714.843750
347.656250 714.843750
347.656250 714.843750
343.750000 714.843750
343.750000 714.843750
343.750000 714.843750
351.562500 714.843750
343.750000 714.843750
347.656250 714.843750
343.750000 707.031250
351.562500 710.937500
351.562500 714.843750
347.656250 714.843750
347.656250 714.843750
351.562500 714.843750
347.656250 714.843750
347.656250 710.937500
347.656250 714.843750
347.656250 714.843750
347.656250 714.843750
343.750000 710.937500
347.656250 710.937500
347.656250 710.937500
347.656250 710.937500
343.750000 710.937500
347.656250 710.937500
351.562500 710.937500
351.562500 714.843750
351.562500 714.843750
351.562500 714.843750
351.562500 714.843750
355.468750 714.843750
347.656250 714.843750
351.562500 714.843750
351.562500 714.843750
359.375000 710.937500
351.562500 714.843750
355.468750 714.843750
355.468750 714.843750
355.468750 718.750000
351.562500 714.843750
351.562500 718.750000
351.562500 718.750000
355.468750 718.750000
351.562500 718.750000
355.468750 722.656250
351.562500 714.843750
359.375000 718.750000
355.468750 722.656250
355.468750 722.656250
355.468750 722.656250
355.468750 722.656250
363.281250 722.656250
363.281250 722.656250
359.375000 722.656250
355.468750 722.656250
363.281250 722.656250
363.281250 718.750000
371.093750 714.843750
359.375000 722.656250
367.187500 718.750000
363.281250 722.656250
363.281250 722.656250
359.375000 718.750000
363.281250 722.656250
359.375000 722.656250
363.281250 722.656250
363.281250 722.656250
359.375000 718.750000
359.375000 722.656250
363.281250 722.656250
359.375000 722.656250
363.281250 722.656250
367.187500 722.656250
363.281250 722.656250
363.281250 722.656250
363.281250 718.750000
363.281250 722.656250
363.281250 722.656250
359.375000 722.656250
363.281250 722.656250
363.281250 722.656250
363.281250 722.656250
363.281250 722.656250
367.187500 718.750000
359.375000 718.750000
363.281250 722.656250
363.281250 722.656250
367.187500 718.750000
367.187500 718.750000
367.187500 722.656250
363.281250 722.656250
363.281250 722.656250
367.187500 722.656250
367.187500 722.656250
367.187500 722.656250
371.093750 722.656250
367.187500 722.656250
367.187500 722.656250
386.718750 710.937500
367.187500 710.937500
386.718750 703.125000
363.281250 703.125000
375.000000 679.687500
539.062500 1000.000000
378.906250 1000.000000
390.625000 1000.000000
515.625000 1000.000000
402.343750 949.218750
371.093750 617.187500
347.656250 687.500000
351.562500 664.062500
343.750000 683.593750
433.593750 605.468750
335.937500 683.593750
347.656250 691.406250
351.562500 738.281250
363.281250 679.687500
351.562500 710.937500
343.750000 691.406250
339.843750 695.312500
335.937500 695.312500
347.656250 750.000000
355.468750 710.937500
335.937500 699.218750
339.843750 699.218750
332.031250 699.218750
347.656250 695.312500
339.843750 710.937500
332.031250 707.031250
359.375000 699.218750
351.562500 714.843750
332.031250 722.656250
339.843750 726.562500
343.750000 730.468750
335.937500 730.468750
355.468750 730.468750
371.093750 730.468750
339.843750 742.187500
371.093750 730.468750
351.562500 746.093750
355.468750 750.000000
351.562500 750.000000
339.843750 753.906250
355.468750 757.812500
339.843750 757.812500
339.843750 761.718750
339.843750 757.812500
343.750000 757.812500
359.375000 757.812500
343.750000 761.718750
343.750000 761.718750
347.656250 761.718750
355.468750 765.625000
347.656250 765.625000
347.656250 769.531250
351.562500 765.625000
351.562500 773.437500
359.375000 769.531250
355.468750 773.437500
355.468750 773.437500
355.468750 777.343750
355.468750 773.437500
367.187500 773.437500
355.468750 777.343750
363.281250 773.437500
363.281250 777.343750
359.375000 777.343750
359.375000 777.343750
359.375000 777.343750
363.281250 773.437500
363.281250 773.437500
355.468750 769.531250
355.468750 769.531250
367.187500 769.531250
363.281250 773.437500
363.281250 769.531250
367.187500 773.437500
359.375000 773.437500
359.375000 769.531250
355.468750 773.437500
363.281250 773.437500
363.281250 773.437500
363.281250 773.437500
363.281250 773.437500
359.375000 777.343750
359.375000 773.437500
363.281250 777.343750
355.468750 769.531250
363.281250 789.062500
363.281250 777.343750
367.187500 808.593750
359.375000 777.343750
359.375000 781.250000
363.281250 781.250000
367.187500 785.156250
367.187500 781.250000
371.093750 777.343750
363.281250 792.968750
371.093750 777.343750
367.187500 781.250000
359.375000 785.156250
371.093750 781.250000
367.187500 777.343750
367.187500 800.781250
371.093750 781.250000
367.187500 781.250000
375.000000 777.343750
371.093750 777.343750
363.281250 777.343750
363.281250 781.250000
367.187500 792.968750
363.281250 777.343750
371.093750 781.250000
378.906250 781.250000
378.906250 781.250000
371.093750 789.062500
375.000000 789.062500
378.906250 789.062500
378.906250 792.968750
375.000000 789.062500
390.625000 796.875000
386.718750 796.875000
378.906250 796.875000
386.718750 796.875000
375.000000 796.875000
398.437500 789.062500
375.000000 792.968750
394.531250 785.156250
375.000000 792.968750
375.000000 792.968750
402.343750 773.437500
390.625000 785.156250
402.343750 773.437500
406.250000 769.531250
386.718750 781.250000
378.906250 785.156250
382.812500 792.968750
402.343750 769.531250
390.625000 785.156250
406.250000 777.343750
390.625000 800.781250
390.625000 761.718750
390.625000 769.531250
398.437500 781.250000
390.625000 785.156250
410.156250 792.968750
421.875000 777.343750
382.812500 777.343750
394.531250 781.250000
398.437500 777.343750
433.593750 742.187500
449.218750 792.968750
406.250000 785.156250
453.125000 777.343750
375.000000 843.750000
402.343750 812.500000
425.781250 777.343750
394.531250 859.375000
421.875000 777.343750
429.687500 792.968750
406.250000 847.656250
375.000000 914.062500
433.593750 667.968750
441.406250 886.718750
441.406250 937.500000
347.656250 996.093750
300.781250 644.531250
359.375000 1000.000000
343.750000 972.656250
355.468750 976.562500
378.906250 984.375000
402.343750 996.093750
328.125000 687.500000
328.125000 679.687500
335.937500 683.593750
449.218750 968.750000
328.125000 687.500000
332.031250 683.593750
320.312500 722.656250
324.218750 683.593750
332.031250 703.125000
324.218750 683.593750
328.125000 687.500000
324.218750 683.593750
328.125000 679.687500
316.406250 707.031250
347.656250 683.593750
339.843750 679.687500
359.375000 667.968750
343.750000 671.875000
347.656250 652.343750
343.750000 652.343750
378.906250 1000.000000
339.843750 636.718750
332.031250 640.625000
359.375000 1000.000000
343.750000 621.093750
339.843750 644.531250
332.031250 679.687500
339.843750 621.093750
335.937500 671.875000
351.562500 1000.000000
335.937500 628.906250
3.906250 343.750000
335.937500 636.718750
335.937500 664.062500
339.843750 621.093750
332.031250 652.343750
328.125000 699.218750
335.937500 636.718750
335.937500 640.625000
332.031250 648.437500
332.031250 636.718750
335.937500 632.812500
335.937500 640.625000
339.843750 617.187500
339.843750 667.968750
339.843750 636.718750
394.531250 1000.000000
343.750000 699.218750
339.843750 667.968750
355.468750 625.000000
343.750000 671.875000
347.656250 675.781250
359.375000 664.062500
351.562500 687.500000
355.468750 683.593750
378.906250 636.718750
359.375000 679.687500
359.375000 687.500000
359.375000 691.406250
363.281250 687.500000
355.468750 695.312500
367.187500 691.406250
378.906250 683.593750
363.281250 707.031250
363.281250 710.937500
394.531250 695.312500
382.812500 710.937500
394.531250 710.937500
363.281250 730.468750
363.281250 730.468750
378.906250 730.468750
371.093750 734.375000
378.906250 734.375000
375.000000 734.375000
371.093750 738.281250
359.375000 738.281250
386.718750 734.375000
363.281250 738.281250
363.281250 742.187500
363.281250 742.187500
359.375000 742.187500
375.000000 742.187500
371.093750 746.093750
359.375000 746.093750
394.531250 738.281250
355.468750 742.187500
355.468750 742.187500
367.187500 746.093750
386.718750 734.375000
359.375000 742.187500
359.375000 742.187500
359.375000 753.906250
351.562500 738.281250
351.562500 738.281250
351.562500 738.281250
355.468750 738.281250
351.562500 738.281250
355.468750 738.281250
386.718750 730.468750
367.187500 738.281250
375.000000 734.375000
367.187500 730.468750
371.093750 722.656250
371.093750 718.750000
363.281250 718.750000
367.187500 714.843750
367.187500 718.750000
378.906250 699.218750
371.093750 730.468750
371.093750 722.656250
359.375000 730.468750
363.281250 722.656250
367.187500 699.218750
363.281250 718.750000
371.093750 710.937500
386.718750 714.843750
328.125000 777.343750
386.718750 707.031250
359.375000 679.687500
230.468750 562.500000
292.968750 578.125000
3.906250 332.031250
347.656250 1000.000000
367.187500 1000.000000
417.968750 1000.000000
343.750000 753.906250
402.343750 1000.000000
394.531250 1000.000000
351.562500 906.250000
425.781250 964.843750
414.062500 914.062500
441.406250 925.781250
140.625000 480.468750
398.437500 1000.000000
328.125000 960.937500
328.125000 566.406250
339.843750 937.500000
429.687500 980.468750
3.906250 429.687500
398.437500 1000.000000
339.843750 593.750000
125.000000 527.343750
320.312500 628.906250
316.406250 648.437500
324.218750 652.343750
328.125000 617.187500
324.218750 644.531250
312.500000 675.781250
324.218750 621.093750
328.125000 636.718750
335.937500 664.062500
316.406250 691.406250
335.937500 652.343750
335.937500 652.343750
339.843750 660.156250
3.906250 347.656250
339.843750 664.062500
339.843750 652.343750
339.843750 671.875000
347.656250 625.000000
343.750000 671.875000
347.656250 656.250000
351.562500 667.968750
351.562500 687.500000
351.562500 695.312500
359.375000 679.687500
359.375000 699.218750
363.281250 699.218750
367.187500 707.031250
367.187500 714.843750
375.000000 707.031250
367.187500 714.843750
371.093750 714.843750
367.187500 718.750000
371.093750 710.937500
367.187500 718.750000
371.093750 710.937500
367.187500 710.937500
367.187500 707.031250
367.187500 710.937500
371.093750 703.125000
363.281250 707.031250
371.093750 703.125000
367.187500 703.125000
367.187500 707.031250
367.187500 703.125000
363.281250 703.125000
367.187500 699.218750
363.281250 699.218750
371.093750 691.406250
375.000000 687.500000
359.375000 703.125000
371.093750 691.406250
363.281250 703.125000
363.281250 703.125000
367.187500 699.218750
363.281250 699.218750
363.281250 703.125000
367.187500 699.218750
367.187500 699.218750
367.187500 703.125000
367.187500 699.218750
363.281250 699.218750
375.000000 675.781250
367.187500 699.218750
363.281250 707.031250
367.187500 691.406250
363.281250 699.218750
363.281250 699.218750
367.187500 695.312500
371.093750 691.406250
363.281250 699.218750
367.187500 699.218750
363.281250 703.125000
363.281250 707.031250
371.093750 699.218750
363.281250 710.937500
371.093750 699.218750
367.187500 714.843750
367.187500 707.031250
363.281250 710.937500
367.187500 710.937500
371.093750 707.031250
367.187500 710.937500
363.281250 707.031250
371.093750 695.312500
363.281250 703.125000
363.281250 699.218750
363.281250 699.218750
363.281250 691.406250
371.093750 691.406250
359.375000 699.218750
363.281250 687.500000
363.281250 695.312500
363.281250 695.312500
359.375000 699.218750
363.281250 699.218750
371.093750 691.406250
367.187500 699.218750
363.281250 703.125000
367.187500 703.125000
378.906250 687.500000
371.093750 703.125000
367.187500 707.031250
394.531250 679.687500
367.187500 714.843750
378.906250 710.937500
386.718750 707.031250
386.718750 710.937500
382.812500 722.656250
390.625000 722.656250
363.281250 730.468750
371.093750 730.468750
375.000000 726.562500
355.468750 722.656250
378.906250 1000.000000
363.281250 671.875000
375.000000 660.156250
449.218750 625.000000
371.093750 675.781250
355.468750 667.968750
347.656250 742.187500
386.718750 921.875000
70.312500 433.593750
359.375000 781.250000
515.625000 1000.000000
242.187500 929.687500
433.593750 1000.000000
382.812500 949.218750
347.656250 917.968750
304.687500 652.343750
441.406250 968.750000
351.562500 968.750000
304.687500 632.812500
351.562500 968.750000
335.937500 949.218750
285.156250 640.625000
386.718750 1000.000000
335.937500 980.468750
312.500000 652.343750
328.125000 1000.000000
312.500000 609.375000
316.406250 597.656250
339.843750 1000.000000
328.125000 1000.000000
324.218750 632.812500
328.125000 628.906250
328.125000 652.343750
332.031250 648.437500
320.312500 695.312500
316.406250 726.562500
328.125000 683.593750
328.125000 679.687500
335.937500 675.781250
328.125000 679.687500
332.031250 671.875000
312.500000 722.656250
332.031250 679.687500
332.031250 675.781250
332.031250 691.406250
332.031250 683.593750
332.031250 687.500000
332.031250 687.500000
332.031250 703.125000
332.031250 695.312500
335.937500 710.937500
332.031250 691.406250
335.937500 785.156250
332.031250 687.500000
335.937500 707.031250
335.937500 703.125000
332.031250 777.343750
332.031250 691.406250
316.406250 695.312500
324.218750 1000.000000
332.031250 679.687500
328.125000 683.593750
339.843750 750.000000
324.218750 691.406250
335.937500 691.406250
339.843750 691.406250
332.031250 1000.000000
328.125000 675.781250
332.031250 679.687500
339.843750 691.406250
308.593750 753.906250
335.937500 687.500000
332.031250 679.687500
343.750000 707.031250
335.937500 687.500000
335.937500 687.500000
343.750000 699.218750
332.031250 691.406250
343.750000 703.125000
343.750000 707.031250
343.750000 714.843750
343.750000 714.843750
347.656250 718.750000
347.656250 714.843750
347.656250 746.093750
343.750000 714.843750
347.656250 710.937500
347.656250 714.843750
347.656250 718.750000
351.562500 714.843750
351.562500 714.843750
351.562500 714.843750
351.562500 718.750000
351.562500 718.750000
351.562500 753.906250
343.750000 726.562500
359.375000 730.468750
355.468750 730.468750
359.375000 730.468750
359.375000 730.468750
355.468750 730.468750
359.375000 726.562500
359.375000 726.562500
359.375000 722.656250
351.562500 726.562500
355.468750 722.656250
355.468750 722.656250
355.468750 710.937500
355.468750 722.656250
355.468750 718.750000
359.375000 730.468750
359.375000 718.750000
355.468750 714.843750
359.375000 726.562500
359.375000 714.843750
359.375000 714.843750
363.281250 742.187500
359.375000 718.750000
359.375000 722.656250
363.281250 722.656250
359.375000 722.656250
359.375000 722.656250
363.281250 722.656250
359.375000 722.656250
359.375000 722.656250
367.187500 714.843750
359.375000 722.656250
363.281250 742.187500
363.281250 718.750000
363.281250 714.843750
363.281250 707.031250
359.375000 718.750000
363.281250 710.937500
359.375000 718.750000
363.281250 718.750000
367.187500 714.843750
359.375000 722.656250
367.187500 722.656250
359.375000 726.562500
371.093750 722.656250
355.468750 726.562500
371.093750 726.562500
351.562500 730.468750
378.906250 722.656250
359.375000 734.375000
371.093750 730.468750
339.843750 726.562500
394.531250 722.656250
335.937500 750.000000
335.937500 746.093750
347.656250 777.343750
402.343750 1000.000000
339.843750 722.656250
339.843750 718.750000
355.468750 714.843750
347.656250 718.750000
367.187500 695.312500
351.562500 734.375000
343.750000 699.218750
347.656250 687.500000
316.406250 726.562500
347.656250 648.437500
296.875000 699.218750
351.562500 636.718750
359.375000 1000.000000
339.843750 660.156250
355.468750 675.781250
269.531250 605.468750
214.843750 609.375000
382.812500 628.906250
421.875000 968.750000
332.031250 707.031250
332.031250 687.500000
562.500000 1000.000000
332.031250 699.218750
371.093750 1000.000000
367.187500 648.437500
347.656250 675.781250
343.750000 667.968750
335.937500 683.593750
332.031250 683.593750
332.031250 683.593750
324.218750 679.687500
328.125000 679.687500
351.562500 675.781250
335.937500 687.500000
324.218750 687.500000
160.156250 617.187500
328.125000 691.406250
328.125000 683.593750
234.375000 761.718750
656.250000 1000.000000
355.468750 679.687500
332.031250 699.218750
343.750000 671.875000
339.843750 675.781250
347.656250 667.968750
343.750000 683.593750
351.562500 675.781250
347.656250 679.687500
320.312500 726.562500
351.562500 695.312500
355.468750 699.218750
363.281250 695.312500
351.562500 722.656250
359.375000 703.125000
359.375000 703.125000
355.468750 718.750000
359.375000 707.031250
363.281250 699.218750
359.375000 703.125000
359.375000 714.843750
355.468750 699.218750
355.468750 703.125000
347.656250 738.281250
359.375000 695.312500
363.281250 695.312500
363.281250 695.312500
363.281250 687.500000
367.187500 683.593750
363.281250 695.312500
367.187500 718.750000
3.906250 371.093750
363.281250 691.406250
363.281250 703.125000
3.906250 367.187500
367.187500 1000.000000
363.281250 699.218750
363.281250 699.218750
367.187500 656.250000
367.187500 699.218750
367.187500 687.500000
363.281250 699.218750
339.843750 753.906250
3.906250 382.812500
371.093750 691.406250
375.000000 679.687500
382.812500 1000.000000
378.906250 671.875000
367.187500 699.218750
3.906250 382.812500
375.000000 683.593750
367.187500 703.125000
3.906250 390.625000
375.000000 683.593750
378.906250 671.875000
3.906250 382.812500
367.187500 695.312500
375.000000 679.687500
375.000000 671.875000
371.093750 679.687500
375.000000 664.062500
378.906250 1000.000000
367.187500 695.312500
375.000000 671.875000
375.000000 664.062500
410.156250 1000.000000
371.093750 671.875000
371.093750 710.937500
414.062500 1000.000000
382.812500 652.343750
378.906250 667.968750
3.906250 390.625000
382.812500 644.531250
402.343750 1000.000000
386.718750 1000.000000
371.093750 687.500000
371.093750 683.593750
382.812500 671.875000
3.906250 390.625000
386.718750 660.156250
386.718750 664.062500
375.000000 691.406250
382.812500 675.781250
406.250000 1000.000000
382.812500 687.500000
371.093750 703.125000
367.187500 710.937500
367.187500 710.937500
386.718750 695.312500
371.093750 710.937500
367.187500 710.937500
386.718750 703.125000
382.812500 707.031250
367.187500 742.187500
414.062500 679.687500
386.718750 703.125000
367.187500 738.281250
367.187500 714.843750
375.000000 710.937500
406.250000 683.593750
363.281250 714.843750
406.250000 691.406250
375.000000 710.937500
355.468750 718.750000
351.562500 714.843750
363.281250 718.750000
355.468750 722.656250
343.750000 714.843750
355.468750 730.468750
363.281250 753.906250
3.906250 390.625000
367.187500 714.843750
371.093750 691.406250
386.718750 675.781250
390.625000 722.656250
382.812500 742.187500
398.437500 738.281250
410.156250 750.000000
390.625000 777.343750
417.968750 753.906250
394.531250 765.625000
390.625000 734.375000
410.156250 761.718750
394.531250 753.906250
367.187500 765.625000
417.968750 1000.000000
406.250000 730.468750
406.250000 789.062500
429.687500 691.406250
394.531250 718.750000
429.687500 750.000000
410.156250 1000.000000
351.562500 683.593750
343.750000 742.187500
289.062500 808.593750
316.406250 726.562500
304.687500 671.875000
324.218750 785.156250
277.343750 777.343750
332.031250 734.375000
343.750000 730.468750
273.437500 796.875000
347.656250 765.625000
328.125000 742.187500
335.937500 757.812500
332.031250 742.187500
320.312500 746.093750
394.531250 855.468750
335.937500 746.093750
304.687500 757.812500
324.218750 851.562500
359.375000 718.750000
300.781250 781.250000
304.687500 800.781250
300.781250 777.343750
300.781250 777.343750
304.687500 781.250000
300.781250 781.250000
328.125000 777.343750
304.687500 785.156250
398.437500 753.906250
304.687500 789.062500
359.375000 765.625000
300.781250 789.062500
292.968750 773.437500
355.468750 769.531250
304.687500 789.062500
363.281250 753.906250
347.656250 769.531250
292.968750 781.250000
367.187500 750.000000
363.281250 746.093750
238.281250 757.812500
414.062500 746.093750
332.031250 773.437500
378.906250 750.000000
351.562500 769.531250
355.468750 773.437500
332.031250 750.000000
421.875000 769.531250
367.187500 757.812500
363.281250 761.718750
312.500000 777.343750
332.031250 777.343750
292.968750 777.343750
289.062500 769.531250
332.031250 781.250000
296.875000 792.968750
359.375000 750.000000
339.843750 777.343750
304.687500 769.531250
359.375000 753.906250
296.875000 781.250000
304.687500 800.781250
406.250000 738.281250
304.687500 730.468750
296.875000 773.437500
359.375000 753.906250
378.906250 738.281250
335.937500 777.343750
312.500000 699.218750
363.281250 730.468750
332.031250 773.437500
308.593750 703.125000
308.593750 769.531250
394.531250 664.062500
320.312500 753.906250
304.687500 671.875000
351.562500 722.656250
308.593750 761.718750
355.468750 695.312500
312.500000 750.000000
312.500000 738.281250
316.406250 750.000000
304.687500 1000.000000
367.187500 746.093750
312.500000 726.562500
300.781250 1000.000000
441.406250 769.531250
402.343750 777.343750
375.000000 687.500000
304.687500 785.156250
363.281250 714.843750
320.312500 746.093750
386.718750 742.187500
324.218750 750.000000
378.906250 746.093750
347.656250 781.250000
308.593750 738.281250
332.031250 703.125000
414.062500 765.625000
324.218750 726.562500
265.625000 753.906250
359.375000 703.125000
320.312500 941.406250
164.062500 460.937500
351.562500 742.187500
359.375000 785.156250
269.531250 804.687500
464.843750 980.468750
3.906250 1000.000000
207.031250 523.437500
402.343750 730.468750
339.843750 859.375000
335.937500 605.468750
351.562500 789.062500
355.468750 808.593750
343.750000 710.937500
3.906250 324.218750
261.718750 796.875000
257.812500 746.093750
355.468750 937.500000
402.343750 1000.000000
312.500000 687.500000
359.375000 664.062500
312.500000 695.312500
347.656250 656.250000
636.718750 1000.000000
437.500000 656.250000
406.250000 714.843750
242.187500 746.093750
316.406250 699.218750
398.437500 667.968750
332.031250 703.125000
351.562500 742.187500
304.687500 699.218750
308.593750 746.093750
437.500000 1000.000000
480.468750 828.125000
453.125000 808.593750
308.593750 703.125000
644.531250 1000.000000
316.406250 765.625000
367.187500 675.781250
316.406250 761.718750
328.125000 714.843750
300.781250 800.781250
359.375000 695.312500
320.312500 781.250000
371.093750 664.062500
308.593750 714.843750
343.750000 691.406250
304.687500 714.843750
304.687500 707.031250
339.843750 691.406250
339.843750 695.312500
332.031250 675.781250
304.687500 683.593750
335.937500 683.593750
312.500000 691.406250
312.500000 722.656250
199.218750 566.406250
312.500000 703.125000
304.687500 707.031250
335.937500 691.406250
339.843750 691.406250
312.500000 753.906250
277.343750 777.343750
308.593750 750.000000
296.875000 812.500000
324.218750 710.937500
339.843750 710.937500
312.500000 714.843750
343.750000 730.468750
355.468750 707.031250
132.812500 500.000000
363.281250 652.343750
292.968750 804.687500
308.593750 699.218750
308.593750 710.937500
339.843750 675.781250
351.562500 679.687500
312.500000 765.625000
312.500000 734.375000
441.406250 1000.000000
339.843750 695.312500
324.218750 691.406250
359.375000 750.000000
304.687500 722.656250
343.750000 671.875000
308.593750 730.468750
285.156250 820.312500
125.000000 496.093750
312.500000 750.000000
300.781250 812.500000
304.687500 710.937500
332.031250 699.218750
343.750000 707.031250
402.343750 1000.000000
375.000000 691.406250
316.406250 699.218750
488.281250 847.656250
273.437500 777.343750
664.062500 1000.000000
367.187500 699.218750
406.250000 679.687500
316.406250 718.750000
378.906250 718.750000
359.375000 1000.000000
335.937500 863.281250
257.812500 757.812500
328.125000 703.125000
554.687500 1000.000000
343.750000 695.312500
312.500000 683.593750
339.843750 757.812500
328.125000 687.500000
3.906250 457.031250
328.125000 671.875000
378.906250 730.468750
324.218750 703.125000
3.906250 441.406250
355.468750 1000.000000
343.750000 652.343750
343.750000 1000.000000
3.906250 347.656250
355.468750 976.562500
367.187500 714.843750
296.875000 917.968750
300.781250 562.500000
628.906250 1000.000000
289.062500 699.218750
996.093750 1000.000000
343.750000 839.843750
359.375000 1000.000000
335.937500 664.062500
250.000000 734.375000
316.406250 656.250000
390.625000 695.312500
289.062500 761.718750
300.781250 667.968750
308.593750 660.156250
351.562500 636.718750
335.937500 750.000000
367.187500 617.187500
312.500000 675.781250
363.281250 640.625000
320.312500 675.781250
324.218750 675.781250
363.281250 1000.000000
160.156250 644.531250
347.656250 679.687500
199.218750 601.562500
351.562500 679.687500
312.500000 695.312500
308.593750 687.500000
277.343750 667.968750
339.843750 773.437500
246.093750 671.875000
296.875000 714.843750
328.125000 703.125000
289.062500 718.750000
312.500000 703.125000
347.656250 687.500000
316.406250 695.312500
332.031250 707.031250
328.125000 707.031250
269.531250 730.468750
316.406250 718.750000
312.500000 738.281250
351.562500 714.843750
328.125000 710.937500
308.593750 707.031250
312.500000 707.031250
269.531250 652.343750
324.218750 734.375000
328.125000 707.031250
316.406250 703.125000
300.781250 761.718750
324.218750 710.937500
312.500000 703.125000
316.406250 730.468750
257.812500 734.375000
316.406250 703.125000
265.625000 785.156250
316.406250 695.312500
355.468750 738.281250
281.250000 699.218750
308.593750 734.375000
300.781250 710.937500
296.875000 718.750000
324.218750 792.968750
316.406250 687.500000
320.312500 687.500000
300.781250 699.218750
308.593750 691.406250
316.406250 687.500000
296.875000 804.687500
324.218750 707.031250
300.781250 746.093750
316.406250 699.218750
320.312500 699.218750
289.062500 722.656250
324.218750 699.218750
324.218750 703.125000
324.218750 699.218750
320.312500 710.937500
316.406250 707.031250
320.312500 718.750000
339.843750 710.937500
332.031250 718.750000
343.750000 718.750000
304.687500 726.562500
296.875000 734.375000
324.218750 722.656250
300.781250 765.625000
218.750000 675.781250
308.593750 710.937500
308.593750 714.843750
234.375000 582.031250
328.125000 734.375000
300.781250 535.156250
375.000000 679.687500
250.000000 546.875000
324.218750 710.937500
292.968750 785.156250
347.656250 695.312500
316.406250 718.750000
324.218750 714.843750
363.281250 691.406250
347.656250 707.031250
296.875000 746.093750
324.218750 718.750000
308.593750 726.562500
304.687500 738.281250
402.343750 980.468750
339.843750 703.125000
289.062500 714.843750
3.906250 574.218750
316.406250 679.687500
332.031250 660.156250
261.718750 726.562500
328.125000 640.625000
398.437500 761.718750
292.968750 726.562500
304.687500 671.875000
312.500000 667.968750
312.500000 671.875000
300.781250 675.781250
363.281250 714.843750
250.000000 644.531250
296.875000 683.593750
273.437500 679.687500
320.312500 632.812500
335.937500 1000.000000
339.843750 945.312500
308.593750 601.562500
304.687500 730.468750
3.906250 1000.000000
148.437500 687.500000
277.343750 691.406250
394.531250 953.125000
308.593750 714.843750
324.218750 1000.000000
304.687500 707.031250
390.625000 683.593750
351.562500 972.656250
300.781250 656.250000
324.218750 644.531250
390.625000 718.750000
222.656250 695.312500
406.250000 742.187500
332.031250 707.031250
480.468750 1000.000000
316.406250 667.968750
156.250000 476.562500
292.968750 671.875000
304.687500 679.687500
316.406250 671.875000
296.875000 679.687500
343.750000 664.062500
398.437500 765.625000
355.468750 679.687500
246.093750 656.250000
300.781250 667.968750
246.093750 664.062500
332.031250 687.500000
183.593750 695.312500
316.406250 707.031250
296.875000 730.468750
214.843750 609.375000
343.750000 703.125000
359.375000 699.218750
164.062500 660.156250
332.031250 695.312500
328.125000 687.500000
300.781250 703.125000
226.562500 554.687500
304.687500 738.281250
300.781250 714.843750
257.812500 734.375000
308.593750 707.031250
289.062500 785.156250
300.781250 710.937500
316.406250 730.468750
171.875000 675.781250
320.312500 703.125000
335.937500 750.000000
300.781250 726.562500
316.406250 718.750000
300.781250 730.468750
300.781250 738.281250
312.500000 718.750000
320.312500 718.750000
304.687500 714.843750
312.500000 703.125000
304.687500 734.375000
324.218750 695.312500
324.218750 691.406250
496.093750 824.218750
296.875000 699.218750
312.500000 695.312500
253.906250 785.156250
339.843750 691.406250
320.312500 710.937500
339.843750 714.843750
335.937500 710.937500
332.031250 714.843750
406.250000 812.500000
324.218750 730.468750
332.031250 722.656250
339.843750 714.843750
332.031250 714.843750
261.718750 789.062500
308.593750 726.562500
324.218750 714.843750
292.968750 750.000000
304.687500 738.281250
316.406250 710.937500
304.687500 718.750000
324.218750 687.500000
308.593750 531.250000
308.593750 722.656250
292.968750 777.343750
312.500000 714.843750
308.593750 777.343750
308.593750 671.875000
343.750000 687.500000
449.218750 847.656250
332.031250 714.843750
316.406250 742.187500
363.281250 707.031250
328.125000 726.562500
304.687500 714.843750
343.750000 714.843750
378.906250 664.062500
265.625000 734.375000
335.937500 695.312500
324.218750 707.031250
300.781250 773.437500
332.031250 710.937500
371.093750 781.250000
300.781250 773.437500
464.843750 1000.000000
359.375000 1000.000000
324.218750 722.656250
324.218750 875.000000
312.500000 730.468750
296.875000 1000.000000
343.750000 765.625000
925.781250 1000.000000
