285.156250 2269.531250
269.531250 2265.625000
257.812500 2261.718750
281.250000 2289.062500
285.156250 2292.968750
285.156250 1886.718750
289.062500 1972.656250
292.968750 1933.593750
316.406250 1921.875000
312.500000 1917.968750
328.125000 1906.250000
335.937500 1921.875000
335.937500 1175.781250
339.843750 1910.156250
351.562500 1898.437500
355.468750 1894.531250
367.187500 1925.781250
371.093750 1941.406250
371.093750 1882.812500
375.000000 1894.531250
367.187500 1890.625000
378.906250 1898.437500
382.812500 2289.062500
382.812500 2292.968750
382.812500 2285.156250
386.718750 2292.968750
382.812500 2277.343750
390.625000 2281.250000
386.718750 2281.250000
386.718750 2281.250000
386.718750 2285.156250
386.718750 2273.437500
394.531250 2273.437500
390.625000 2269.531250
390.625000 2269.531250
390.625000 2265.625000
390.625000 2269.531250
394.531250 2265.625000
402.343750 2269.531250
394.531250 2261.718750
398.437500 2265.625000
390.625000 2253.906250
394.531250 2265.625000
398.437500 2257.812500
394.531250 2257.812500
390.625000 2246.093750
398.437500 2257.812500
390.625000 2246.093750
398.437500 2257.812500
394.531250 2250.000000
402.343750 2253.906250
394.531250 2242.187500
398.437500 2257.812500
398.437500 2242.187500
398.437500 2253.906250
398.437500 2242.187500
402.343750 2250.000000
402.343750 2246.093750
394.531250 2238.281250
402.343750 2246.093750
402.343750 2250.000000
398.437500 2246.093750
394.531250 2242.187500
402.343750 2246.093750
398.437500 2238.281250
398.437500 2246.093750
402.343750 2238.281250
398.437500 2238.281250
398.437500 2230.468750
402.343750 2234.375000
402.343750 2238.281250
394.531250 2234.375000
398.437500 2246.093750
398.437500 2242.187500
398.437500 2242.187500
394.531250 2234.375000
398.437500 2242.187500
394.531250 2238.281250
394.531250 2246.093750
394.531250 2242.187500
394.531250 2250.000000
398.437500 2253.906250
398.437500 2253.906250
394.531250 2253.906250
394.531250 2242.187500
398.437500 2253.906250
390.625000 2238.281250
398.437500 2250.000000
386.718750 2238.281250
394.531250 2246.093750
386.718750 2257.812500
394.531250 2253.906250
390.625000 2253.906250
394.531250 2250.000000
386.718750 2257.812500
390.625000 2246.093750
390.625000 2246.093750
390.625000 2250.000000
386.718750 2253.906250
382.812500 2246.093750
386.718750 2246.093750
386.718750 2234.375000
394.531250 2246.093750
390.625000 2250.000000
390.625000 2250.000000
390.625000 2246.093750
394.531250 2238.281250
390.625000 2234.375000
382.812500 2238.281250
433.593750 953.125000
390.625000 2242.187500
3.906250 417.968750
378.906250 2238.281250
437.500000 1097.656250
378.906250 2269.531250
406.250000 2265.625000
378.906250 2242.187500
394.531250 2207.031250
1082.031250 2296.875000
386.718750 1886.718750
371.093750 1925.781250
382.812500 1933.593750
382.812500 1933.593750
386.718750 1937.500000
390.625000 1941.406250
390.625000 1945.312500
394.531250 1941.406250
402.343750 1941.406250
402.343750 1937.500000
406.250000 1941.406250
382.812500 1933.593750
414.062500 1941.406250
414.062500 1937.500000
406.250000 1941.406250
421.875000 1941.406250
421.875000 1937.500000
421.875000 1941.406250
425.781250 1957.031250
425.781250 1957.031250
425.781250 1960.937500
429.687500 1957.031250
421.875000 1964.843750
425.781250 1960.937500
425.781250 1960.937500
425.781250 1968.750000
425.781250 1968.750000
425.781250 1976.562500
425.781250 1976.562500
429.687500 1984.375000
425.781250 1984.375000
429.687500 1988.281250
425.781250 1988.281250
433.593750 1992.187500
429.687500 1992.187500
429.687500 2000.000000
425.781250 2003.906250
425.781250 2003.906250
425.781250 2003.906250
425.781250 2007.812500
421.875000 2007.812500
417.968750 2015.625000
429.687500 2011.718750
414.062500 2015.625000
421.875000 2019.531250
417.968750 2023.437500
417.968750 2023.437500
421.875000 2027.343750
414.062500 2031.250000
410.156250 2027.343750
414.062500 2035.156250
410.156250 2035.156250
421.875000 2027.343750
429.687500 2035.156250
425.781250 2031.250000
425.781250 2031.250000
425.781250 2035.156250
421.875000 2027.343750
417.968750 2023.437500
417.968750 2023.437500
429.687500 2031.250000
417.968750 2019.531250
425.781250 2031.250000
421.875000 2031.250000
425.781250 2031.250000
425.781250 2031.250000
425.781250 2031.250000
429.687500 2027.343750
425.781250 2031.250000
429.687500 2031.250000
417.968750 2023.437500
433.593750 2027.343750
417.968750 2027.343750
429.687500 2027.343750
421.875000 2019.531250
417.968750 2003.906250
429.687500 2003.906250
433.593750 1992.187500
429.687500 1960.937500
316.406250 2058.593750
355.468750 2035.156250
355.468750 2058.593750
335.937500 2046.875000
351.562500 2046.875000
359.375000 2050.781250
371.093750 2046.875000
375.000000 2035.156250
382.812500 2031.250000
394.531250 2027.343750
394.531250 2023.437500
398.437500 2031.250000
406.250000 2027.343750
406.250000 2019.531250
410.156250 2015.625000
414.062500 2015.625000
410.156250 2015.625000
417.968750 2015.625000
425.781250 2015.625000
425.781250 2015.625000
425.781250 2015.625000
421.875000 2019.531250
421.875000 2015.625000
421.875000 2015.625000
421.875000 2015.625000
417.968750 2015.625000
414.062500 2015.625000
425.781250 2015.625000
445.312500 2019.531250
421.875000 2011.718750
429.687500 2019.531250
417.968750 2011.718750
437.500000 2023.437500
425.781250 2019.531250
429.687500 2019.531250
429.687500 2019.531250
441.406250 2027.343750
441.406250 2027.343750
429.687500 2023.437500
441.406250 2031.250000
437.500000 2031.250000
437.500000 2031.250000
429.687500 2027.343750
433.593750 2031.250000
433.593750 2031.250000
429.687500 2035.156250
433.593750 2035.156250
433.593750 2031.250000
437.500000 2039.062500
429.687500 2035.156250
437.500000 2039.062500
433.593750 2039.062500
433.593750 2042.968750
429.687500 2042.968750
433.593750 2042.968750
429.687500 2042.968750
433.593750 2042.968750
421.875000 2039.062500
421.875000 2039.062500
421.875000 2039.062500
421.875000 2039.062500
429.687500 2039.062500
425.781250 2039.062500
433.593750 2039.062500
425.781250 2039.062500
421.875000 2039.062500
421.875000 2039.062500
433.593750 2039.062500
417.968750 2035.156250
425.781250 2035.156250
421.875000 2035.156250
425.781250 2039.062500
421.875000 2039.062500
441.406250 2042.968750
429.687500 2039.062500
429.687500 2042.968750
437.500000 2042.968750
437.500000 2035.156250
445.312500 2039.062500
445.312500 2031.250000
449.218750 2035.156250
441.406250 2031.250000
449.218750 2031.250000
449.218750 2031.250000
453.125000 2027.343750
457.031250 2023.437500
441.406250 2011.718750
453.125000 2015.625000
449.218750 2000.000000
449.218750 1984.375000
453.125000 1976.562500
468.750000 1949.218750
414.062500 1996.093750
386.718750 2007.812500
402.343750 1996.093750
375.000000 2011.718750
371.093750 2011.718750
375.000000 2011.718750
367.187500 2003.906250
371.093750 2000.000000
375.000000 1992.187500
390.625000 1992.187500
382.812500 1992.187500
386.718750 1984.375000
394.531250 1980.468750
394.531250 1976.562500
398.437500 1980.468750
398.437500 1984.375000
398.437500 1992.187500
414.062500 1984.375000
398.437500 1988.281250
417.968750 1992.187500
406.250000 1996.093750
417.968750 2000.000000
410.156250 2003.906250
410.156250 2003.906250
414.062500 2003.906250
421.875000 2003.906250
421.875000 2003.906250
414.062500 2003.906250
406.250000 2000.000000
429.687500 2003.906250
445.312500 2000.000000
445.312500 2000.000000
414.062500 2000.000000
429.687500 2003.906250
445.312500 2003.906250
437.500000 2011.718750
429.687500 2007.812500
429.687500 2011.718750
429.687500 2011.718750
433.593750 2015.625000
421.875000 2015.625000
453.125000 2007.812500
425.781250 2019.531250
433.593750 2019.531250
414.062500 2019.531250
410.156250 2015.625000
449.218750 2019.531250
429.687500 2019.531250
433.593750 2023.437500
406.250000 2015.625000
421.875000 2019.531250
433.593750 2023.437500
425.781250 2023.437500
425.781250 2023.437500
433.593750 2027.343750
429.687500 2027.343750
421.875000 2023.437500
421.875000 2027.343750
425.781250 2027.343750
429.687500 2031.250000
429.687500 2035.156250
425.781250 2035.156250
429.687500 2035.156250
417.968750 2031.250000
417.968750 2035.156250
417.968750 2039.062500
417.968750 2039.062500
417.968750 2039.062500
417.968750 2042.968750
417.968750 2042.968750
417.968750 2042.968750
417.968750 2046.875000
417.968750 2046.875000
417.968750 2050.781250
414.062500 2050.781250
417.968750 2050.781250
414.062500 2050.781250
414.062500 2050.781250
417.968750 2054.687500
417.968750 2054.687500
417.968750 2054.687500
417.968750 2050.781250
417.968750 2050.781250
417.968750 2050.781250
421.875000 2050.781250
421.875000 2050.781250
425.781250 2046.875000
429.687500 2046.875000
421.875000 2046.875000
421.875000 2042.968750
425.781250 2050.781250
425.781250 2050.781250
437.500000 2054.687500
441.406250 2050.781250
445.312500 2042.968750
433.593750 2027.343750
445.312500 2035.156250
445.312500 2027.343750
445.312500 2019.531250
453.125000 2015.625000
449.218750 1996.093750
468.750000 1992.187500
468.750000 1964.843750
460.937500 1929.687500
492.187500 1910.156250
503.906250 1839.843750
363.281250 1929.687500
363.281250 1949.218750
359.375000 1960.937500
363.281250 1968.750000
375.000000 1972.656250
378.906250 1976.562500
375.000000 1968.750000
367.187500 1972.656250
371.093750 1968.750000
398.437500 1980.468750
394.531250 1988.281250
410.156250 1988.281250
402.343750 1988.281250
402.343750 1992.187500
429.687500 1984.375000
402.343750 1992.187500
425.781250 1992.187500
445.312500 1992.187500
433.593750 1996.093750
410.156250 1988.281250
425.781250 1996.093750
421.875000 1996.093750
425.781250 1996.093750
421.875000 1996.093750
414.062500 1996.093750
410.156250 1996.093750
453.125000 1996.093750
410.156250 1992.187500
441.406250 2000.000000
437.500000 2000.000000
425.781250 1996.093750
429.687500 2000.000000
437.500000 2011.718750
433.593750 2011.718750
425.781250 2015.625000
421.875000 2019.531250
417.968750 2019.531250
425.781250 2019.531250
441.406250 2019.531250
417.968750 2019.531250
417.968750 2019.531250
441.406250 2023.437500
429.687500 2023.437500
421.875000 2023.437500
441.406250 2027.343750
425.781250 2023.437500
433.593750 2023.437500
449.218750 2027.343750
464.843750 2023.437500
429.687500 2023.437500
433.593750 2019.531250
476.562500 2023.437500
464.843750 2023.437500
453.125000 2019.531250
480.468750 2019.531250
464.843750 2023.437500
441.406250 2019.531250
433.593750 2011.718750
472.656250 2019.531250
457.031250 2015.625000
468.750000 2019.531250
476.562500 2019.531250
457.031250 2015.625000
476.562500 2019.531250
468.750000 2019.531250
449.218750 2011.718750
445.312500 2011.718750
464.843750 2019.531250
460.937500 2019.531250
457.031250 2019.531250
460.937500 2023.437500
460.937500 2019.531250
464.843750 2023.437500
460.937500 2023.437500
460.937500 2019.531250
460.937500 2019.531250
476.562500 2023.437500
468.750000 2019.531250
468.750000 2019.531250
468.750000 2019.531250
464.843750 2015.625000
468.750000 2015.625000
472.656250 2019.531250
472.656250 2019.531250
480.468750 2019.531250
480.468750 2023.437500
484.375000 2023.437500
480.468750 2015.625000
492.187500 2023.437500
500.000000 2027.343750
511.718750 2023.437500
507.812500 2023.437500
464.843750 2019.531250
488.281250 2023.437500
476.562500 2023.437500
488.281250 2023.437500
480.468750 2015.625000
476.562500 2015.625000
476.562500 2015.625000
492.187500 2007.812500
488.281250 2003.906250
484.375000 1988.281250
480.468750 1980.468750
500.000000 1976.562500
507.812500 1949.218750
511.718750 1921.875000
324.218750 2093.750000
332.031250 2101.562500
320.312500 2101.562500
324.218750 2097.656250
355.468750 2101.562500
335.937500 2093.750000
339.843750 2089.843750
363.281250 2101.562500
359.375000 2089.843750
359.375000 2085.937500
359.375000 2070.312500
371.093750 2066.406250
371.093750 2066.406250
378.906250 2070.312500
394.531250 2070.312500
406.250000 2062.500000
402.343750 2062.500000
414.062500 2070.312500
414.062500 2070.312500
410.156250 2070.312500
402.343750 2054.687500
402.343750 2046.875000
425.781250 2046.875000
425.781250 2046.875000
421.875000 2050.781250
433.593750 2058.593750
433.593750 2062.500000
429.687500 2066.406250
425.781250 2062.500000
429.687500 2062.500000
421.875000 2062.500000
421.875000 2062.500000
421.875000 2058.593750
421.875000 2062.500000
421.875000 2058.593750
421.875000 2054.687500
453.125000 2054.687500
445.312500 2054.687500
464.843750 2054.687500
449.218750 2054.687500
460.937500 2054.687500
445.312500 2054.687500
453.125000 2054.687500
453.125000 2050.781250
429.687500 2042.968750
441.406250 2042.968750
445.312500 2050.781250
449.218750 2046.875000
449.218750 2046.875000
449.218750 2042.968750
449.218750 2042.968750
453.125000 2039.062500
453.125000 2042.968750
457.031250 2042.968750
453.125000 2042.968750
472.656250 2042.968750
453.125000 2042.968750
457.031250 2042.968750
453.125000 2039.062500
457.031250 2042.968750
460.937500 2042.968750
464.843750 2039.062500
464.843750 2039.062500
464.843750 2039.062500
464.843750 2031.250000
472.656250 2031.250000
464.843750 2031.250000
464.843750 2031.250000
464.843750 2027.343750
464.843750 2027.343750
472.656250 2031.250000
480.468750 2027.343750
472.656250 2027.343750
468.750000 2023.437500
472.656250 2027.343750
468.750000 2023.437500
468.750000 2027.343750
472.656250 2031.250000
468.750000 2023.437500
468.750000 2023.437500
472.656250 2027.343750
476.562500 2027.343750
468.750000 2027.343750
468.750000 2031.250000
472.656250 2031.250000
468.750000 2035.156250
472.656250 2035.156250
468.750000 2035.156250
472.656250 2039.062500
468.750000 2039.062500
488.281250 2042.968750
488.281250 2042.968750
468.750000 2042.968750
472.656250 2042.968750
476.562500 2042.968750
488.281250 2042.968750
472.656250 2039.062500
468.750000 2039.062500
468.750000 2042.968750
484.375000 2035.156250
476.562500 2042.968750
472.656250 2039.062500
484.375000 2035.156250
488.281250 2035.156250
484.375000 2035.156250
476.562500 2039.062500
472.656250 2015.625000
472.656250 2023.437500
480.468750 2019.531250
468.750000 2019.531250
464.843750 2015.625000
464.843750 1992.187500
468.750000 1980.468750
476.562500 1941.406250
488.281250 1914.062500
457.031250 2050.781250
484.375000 2031.250000
425.781250 2109.375000
437.500000 2097.656250
429.687500 2093.750000
429.687500 2113.281250
429.687500 2113.281250
433.593750 2113.281250
441.406250 2121.093750
425.781250 2121.093750
425.781250 2117.187500
433.593750 2125.000000
421.875000 2121.093750
437.500000 2128.906250
433.593750 2132.812500
429.687500 2132.812500
429.687500 2136.718750
433.593750 2132.812500
433.593750 2132.812500
410.156250 2117.187500
417.968750 2125.000000
410.156250 2121.093750
429.687500 2132.812500
433.593750 2128.906250
433.593750 2128.906250
429.687500 2128.906250
433.593750 2132.812500
425.781250 2121.093750
425.781250 2128.906250
441.406250 2125.000000
429.687500 2128.906250
464.843750 2121.093750
464.843750 2125.000000
429.687500 2121.093750
425.781250 2121.093750
429.687500 2117.187500
429.687500 2121.093750
433.593750 2121.093750
429.687500 2125.000000
429.687500 2121.093750
437.500000 2125.000000
429.687500 2121.093750
433.593750 2121.093750
437.500000 2121.093750
433.593750 2121.093750
437.500000 2121.093750
421.875000 2109.375000
421.875000 2113.281250
441.406250 2117.187500
437.500000 2121.093750
433.593750 2113.281250
441.406250 2117.187500
437.500000 2113.281250
441.406250 2117.187500
445.312500 2113.281250
441.406250 2113.281250
437.500000 2109.375000
460.937500 2113.281250
425.781250 2101.562500
449.218750 2113.281250
441.406250 2109.375000
445.312500 2109.375000
441.406250 2109.375000
433.593750 2101.562500
472.656250 2117.187500
460.937500 2113.281250
476.562500 2121.093750
484.375000 2117.187500
468.750000 2109.375000
476.562500 2125.000000
480.468750 2109.375000
484.375000 2113.281250
488.281250 2105.468750
488.281250 2101.562500
492.187500 2089.843750
488.281250 2074.218750
500.000000 2070.312500
511.718750 2070.312500
2078.125000 2292.968750
515.625000 2058.593750
453.125000 2066.406250
476.562500 2058.593750
460.937500 2062.500000
460.937500 2066.406250
453.125000 2070.312500
460.937500 2074.218750
457.031250 2066.406250
460.937500 2070.312500
464.843750 2082.031250
468.750000 2082.031250
464.843750 2082.031250
460.937500 2078.125000
464.843750 2085.937500
457.031250 2085.937500
457.031250 2082.031250
449.218750 2078.125000
472.656250 2089.843750
468.750000 2085.937500
464.843750 2085.937500
457.031250 2082.031250
480.468750 2089.843750
468.750000 2089.843750
476.562500 2089.843750
476.562500 2089.843750
457.031250 2078.125000
468.750000 2082.031250
464.843750 2082.031250
468.750000 2085.937500
464.843750 2082.031250
472.656250 2082.031250
472.656250 2082.031250
472.656250 2085.937500
468.750000 2082.031250
472.656250 2085.937500
468.750000 2082.031250
468.750000 2085.937500
464.843750 2085.937500
472.656250 2082.031250
468.750000 2082.031250
468.750000 2082.031250
468.750000 2082.031250
457.031250 2074.218750
457.031250 2074.218750
476.562500 2082.031250
472.656250 2078.125000
468.750000 2078.125000
468.750000 2074.218750
468.750000 2082.031250
472.656250 2078.125000
468.750000 2078.125000
457.031250 2070.312500
480.468750 2078.125000
468.750000 2074.218750
476.562500 2078.125000
480.468750 2078.125000
472.656250 2074.218750
464.843750 2074.218750
472.656250 2074.218750
464.843750 2074.218750
472.656250 2078.125000
468.750000 2074.218750
472.656250 2078.125000
472.656250 2078.125000
480.468750 2078.125000
457.031250 2066.406250
464.843750 2070.312500
472.656250 2074.218750
468.750000 2074.218750
480.468750 2078.125000
472.656250 2074.218750
472.656250 2074.218750
472.656250 2074.218750
476.562500 2074.218750
476.562500 2070.312500
464.843750 2062.500000
472.656250 2070.312500
480.468750 2070.312500
472.656250 2066.406250
484.375000 2070.312500
500.000000 2070.312500
515.625000 2070.312500
503.906250 2070.312500
527.343750 2074.218750
519.531250 2074.218750
519.531250 2078.125000
515.625000 2074.218750
515.625000 2066.406250
527.343750 2074.218750
507.812500 2074.218750
503.906250 2066.406250
519.531250 2070.312500
500.000000 2074.218750
503.906250 2066.406250
519.531250 2070.312500
519.531250 2070.312500
527.343750 2066.406250
500.000000 2066.406250
527.343750 2058.593750
500.000000 2058.593750
503.906250 2050.781250
507.812500 2054.687500
507.812500 2058.593750
515.625000 2050.781250
519.531250 2046.875000
531.250000 2050.781250
546.875000 2035.156250
488.281250 2023.437500
597.656250 1917.968750
1917.968750 2242.187500
562.500000 2027.343750
476.562500 1878.906250
441.406250 2097.656250
441.406250 2093.750000
449.218750 2101.562500
453.125000 2105.468750
453.125000 2105.468750
468.750000 2101.562500
457.031250 2101.562500
445.312500 2097.656250
449.218750 2113.281250
449.218750 2109.375000
445.312500 2113.281250
437.500000 2109.375000
441.406250 2101.562500
421.875000 2093.750000
457.031250 2105.468750
453.125000 2109.375000
421.875000 2101.562500
472.656250 2117.187500
425.781250 2105.468750
468.750000 2117.187500
453.125000 2121.093750
421.875000 2109.375000
449.218750 2117.187500
429.687500 2105.468750
464.843750 2113.281250
468.750000 2117.187500
460.937500 2113.281250
464.843750 2117.187500
453.125000 2117.187500
472.656250 2113.281250
457.031250 2113.281250
472.656250 2113.281250
460.937500 2109.375000
449.218750 2109.375000
441.406250 2109.375000
464.843750 2101.562500
464.843750 2101.562500
437.500000 2093.750000
453.125000 2101.562500
453.125000 2105.468750
449.218750 2105.468750
472.656250 2105.468750
460.937500 2101.562500
460.937500 2101.562500
468.750000 2101.562500
457.031250 2105.468750
449.218750 2097.656250
457.031250 2105.468750
460.937500 2097.656250
480.468750 2101.562500
484.375000 2101.562500
468.750000 2097.656250
484.375000 2105.468750
460.937500 2101.562500
476.562500 2101.562500
464.843750 2101.562500
492.187500 2101.562500
480.468750 2097.656250
472.656250 2093.750000
488.281250 2097.656250
492.187500 2097.656250
492.187500 2101.562500
496.093750 2097.656250
472.656250 2097.656250
480.468750 2097.656250
492.187500 2097.656250
484.375000 2093.750000
484.375000 2093.750000
468.750000 2093.750000
484.375000 2089.843750
472.656250 2089.843750
468.750000 2085.937500
468.750000 2085.937500
468.750000 2082.031250
488.281250 2085.937500
480.468750 2082.031250
453.125000 2074.218750
496.093750 2085.937500
484.375000 2082.031250
476.562500 2078.125000
496.093750 2082.031250
484.375000 2078.125000
449.218750 2066.406250
500.000000 2078.125000
453.125000 2066.406250
507.812500 2082.031250
511.718750 2085.937500
515.625000 2085.937500
511.718750 2085.937500
515.625000 2089.843750
472.656250 2078.125000
511.718750 2093.750000
511.718750 2093.750000
500.000000 2097.656250
496.093750 2089.843750
496.093750 2089.843750
507.812500 2085.937500
507.812500 2070.312500
503.906250 2093.750000
468.750000 2089.843750
500.000000 2058.593750
500.000000 2054.687500
460.937500 2054.687500
460.937500 2054.687500
468.750000 2066.406250
464.843750 2062.500000
468.750000 2066.406250
472.656250 2074.218750
468.750000 2078.125000
464.843750 2082.031250
460.937500 2074.218750
460.937500 2078.125000
457.031250 2070.312500
460.937500 2078.125000
453.125000 2074.218750
472.656250 2089.843750
437.500000 2074.218750
449.218750 2085.937500
464.843750 2089.843750
468.750000 2089.843750
449.218750 2093.750000
453.125000 2093.750000
457.031250 2082.031250
472.656250 2097.656250
437.500000 2085.937500
476.562500 2097.656250
476.562500 2089.843750
472.656250 2089.843750
480.468750 2089.843750
480.468750 2089.843750
449.218750 2093.750000
476.562500 2089.843750
476.562500 2089.843750
480.468750 2085.937500
476.562500 2085.937500
476.562500 2089.843750
460.937500 2089.843750
453.125000 2082.031250
480.468750 2093.750000
480.468750 2093.750000
476.562500 2089.843750
476.562500 2093.750000
476.562500 2089.843750
468.750000 2093.750000
472.656250 2093.750000
476.562500 2089.843750
484.375000 2097.656250
484.375000 2093.750000
457.031250 2097.656250
457.031250 2093.750000
464.843750 2093.750000
472.656250 2089.843750
453.125000 2093.750000
457.031250 2089.843750
468.750000 2085.937500
457.031250 2085.937500
472.656250 2085.937500
460.937500 2089.843750
472.656250 2089.843750
457.031250 2089.843750
468.750000 2085.937500
468.750000 2085.937500
472.656250 2085.937500
472.656250 2085.937500
472.656250 2085.937500
457.031250 2093.750000
464.843750 2089.843750
476.562500 2089.843750
457.031250 2093.750000
468.750000 2089.843750
480.468750 2093.750000
460.937500 2093.750000
468.750000 2093.750000
480.468750 2089.843750
480.468750 2085.937500
476.562500 2093.750000
488.281250 2093.750000
464.843750 2101.562500
480.468750 2089.843750
476.562500 2089.843750
488.281250 2101.562500
492.187500 2097.656250
496.093750 2101.562500
492.187500 2097.656250
500.000000 2105.468750
496.093750 2113.281250
484.375000 2097.656250
500.000000 2105.468750
492.187500 2097.656250
500.000000 2105.468750
500.000000 2113.281250
500.000000 2109.375000
488.281250 2097.656250
500.000000 2101.562500
503.906250 2101.562500
488.281250 2093.750000
484.375000 2117.187500
496.093750 2101.562500
492.187500 2101.562500
484.375000 2097.656250
492.187500 2105.468750
484.375000 2093.750000
480.468750 2093.750000
480.468750 2089.843750
492.187500 2097.656250
496.093750 2097.656250
496.093750 2097.656250
496.093750 2097.656250
500.000000 2089.843750
500.000000 2089.843750
500.000000 2082.031250
496.093750 2101.562500
519.531250 2097.656250
519.531250 2074.218750
507.812500 2144.531250
500.000000 2050.781250
562.500000 2183.593750
488.281250 2078.125000
464.843750 2074.218750
472.656250 2078.125000
472.656250 2078.125000
460.937500 2085.937500
464.843750 2085.937500
464.843750 2082.031250
464.843750 2085.937500
464.843750 2089.843750
464.843750 2089.843750
460.937500 2089.843750
453.125000 2085.937500
449.218750 2085.937500
441.406250 2085.937500
457.031250 2093.750000
457.031250 2089.843750
460.937500 2093.750000
472.656250 2093.750000
457.031250 2089.843750
460.937500 2093.750000
437.500000 2085.937500
472.656250 2093.750000
433.593750 2085.937500
468.750000 2093.750000
437.500000 2085.937500
437.500000 2085.937500
437.500000 2085.937500
468.750000 2093.750000
437.500000 2085.937500
437.500000 2082.031250
476.562500 2093.750000
472.656250 2089.843750
437.500000 2082.031250
433.593750 2078.125000
472.656250 2089.843750
433.593750 2078.125000
492.187500 2093.750000
437.500000 2078.125000
472.656250 2089.843750
492.187500 2093.750000
457.031250 2085.937500
484.375000 2093.750000
492.187500 2093.750000
468.750000 2089.843750
484.375000 2089.843750
492.187500 2089.843750
496.093750 2089.843750
496.093750 2089.843750
488.281250 2085.937500
484.375000 2089.843750
492.187500 2089.843750
480.468750 2089.843750
464.843750 2089.843750
457.031250 2082.031250
468.750000 2082.031250
476.562500 2078.125000
484.375000 2082.031250
484.375000 2082.031250
480.468750 2082.031250
484.375000 2082.031250
488.281250 2078.125000
457.031250 2082.031250
460.937500 2078.125000
472.656250 2078.125000
480.468750 2074.218750
457.031250 2078.125000
457.031250 2078.125000
460.937500 2074.218750
464.843750 2078.125000
468.750000 2074.218750
492.187500 2070.312500
480.468750 2074.218750
484.375000 2070.312500
488.281250 2074.218750
488.281250 2070.312500
492.187500 2066.406250
476.562500 2070.312500
503.906250 2066.406250
472.656250 2066.406250
476.562500 2066.406250
503.906250 2070.312500
515.625000 2070.312500
496.093750 2066.406250
476.562500 2070.312500
507.812500 2074.218750
519.531250 2074.218750
507.812500 2074.218750
515.625000 2070.312500
488.281250 2062.500000
515.625000 2070.312500
507.812500 2070.312500
488.281250 2062.500000
519.531250 2070.312500
500.000000 2062.500000
488.281250 2058.593750
500.000000 2066.406250
488.281250 2058.593750
500.000000 2066.406250
515.625000 2066.406250
503.906250 2066.406250
488.281250 2062.500000
480.468750 2054.687500
480.468750 2050.781250
476.562500 2050.781250
480.468750 2046.875000
484.375000 2046.875000
484.375000 2042.968750
484.375000 2042.968750
500.000000 2035.156250
519.531250 2054.687500
527.343750 2035.156250
515.625000 2015.625000
339.843750 2140.625000
265.625000 2148.437500
296.875000 2171.875000
285.156250 2132.812500
300.781250 2109.375000
277.343750 2144.531250
300.781250 2101.562500
308.593750 2113.281250
304.687500 2148.437500
289.062500 2195.312500
371.093750 2097.656250
332.031250 2144.531250
339.843750 2132.812500
359.375000 2078.125000
351.562500 2109.375000
355.468750 2136.718750
375.000000 2093.750000
375.000000 2121.093750
371.093750 2121.093750
378.906250 2117.187500
378.906250 2117.187500
390.625000 2152.343750
378.906250 2128.906250
382.812500 2136.718750
382.812500 2132.812500
386.718750 2125.000000
394.531250 2128.906250
390.625000 2128.906250
402.343750 2125.000000
390.625000 2132.812500
394.531250 2132.812500
414.062500 2140.625000
394.531250 2140.625000
414.062500 2140.625000
398.437500 2136.718750
394.531250 2132.812500
394.531250 2128.906250
398.437500 2132.812500
394.531250 2132.812500
398.437500 2132.812500
398.437500 2132.812500
394.531250 2128.906250
394.531250 2128.906250
402.343750 2125.000000
402.343750 2128.906250
410.156250 2125.000000
402.343750 2128.906250
410.156250 2136.718750
421.875000 2132.812500
410.156250 2128.906250
414.062500 2136.718750
410.156250 2132.812500
421.875000 2132.812500
425.781250 2132.812500
417.968750 2132.812500
421.875000 2136.718750
421.875000 2132.812500
414.062500 2136.718750
414.062500 2132.812500
414.062500 2152.343750
414.062500 2152.343750
417.968750 2156.250000
414.062500 2152.343750
417.968750 2152.343750
441.406250 2167.968750
433.593750 2132.812500
417.968750 2144.531250
417.968750 2144.531250
417.968750 2148.437500
417.968750 2148.437500
417.968750 2140.625000
417.968750 2140.625000
421.875000 2144.531250
417.968750 2132.812500
417.968750 2132.812500
429.687500 2125.000000
421.875000 2121.093750
425.781250 2121.093750
425.781250 2117.187500
421.875000 2113.281250
425.781250 2113.281250
425.781250 2109.375000
437.500000 2101.562500
433.593750 2105.468750
433.593750 2105.468750
429.687500 2105.468750
437.500000 2101.562500
433.593750 2101.562500
425.781250 2101.562500
425.781250 2097.656250
437.500000 2101.562500
441.406250 2093.750000
425.781250 2097.656250
433.593750 2101.562500
441.406250 2089.843750
449.218750 2085.937500
421.875000 2097.656250
445.312500 2101.562500
429.687500 2101.562500
429.687500 2097.656250
429.687500 2089.843750
437.500000 2089.843750
441.406250 2093.750000
425.781250 2089.843750
429.687500 2089.843750
425.781250 2085.937500
441.406250 2082.031250
457.031250 2082.031250
429.687500 2089.843750
437.500000 2082.031250
433.593750 2082.031250
433.593750 2082.031250
429.687500 2078.125000
433.593750 2078.125000
433.593750 2070.312500
433.593750 2070.312500
437.500000 2070.312500
433.593750 2066.406250
433.593750 2062.500000
437.500000 2066.406250
441.406250 2062.500000
437.500000 2058.593750
437.500000 2062.500000
441.406250 2062.500000
437.500000 2070.312500
433.593750 2054.687500
437.500000 2054.687500
441.406250 2050.781250
437.500000 2050.781250
437.500000 2046.875000
441.406250 2046.875000
441.406250 2042.968750
433.593750 2046.875000
429.687500 2039.062500
437.500000 2050.781250
425.781250 2042.968750
437.500000 2050.781250
433.593750 2039.062500
437.500000 2042.968750
433.593750 2046.875000
429.687500 2031.250000
425.781250 2042.968750
421.875000 2031.250000
421.875000 2035.156250
425.781250 2027.343750
421.875000 2031.250000
429.687500 2019.531250
457.031250 1996.093750
421.875000 2011.718750
445.312500 2015.625000
425.781250 2019.531250
433.593750 2023.437500
429.687500 2019.531250
460.937500 2000.000000
441.406250 2023.437500
441.406250 2000.000000
449.218750 2007.812500
425.781250 2039.062500
437.500000 2281.250000
437.500000 1093.750000
414.062500 2046.875000
433.593750 2210.937500
421.875000 2226.562500
449.218750 2066.406250
460.937500 2085.937500
464.843750 2101.562500
316.406250 1910.156250
308.593750 1960.937500
296.875000 2054.687500
296.875000 2058.593750
308.593750 2058.593750
316.406250 2058.593750
324.218750 2050.781250
332.031250 2054.687500
339.843750 2058.593750
371.093750 2054.687500
351.562500 2058.593750
367.187500 2062.500000
367.187500 2062.500000
363.281250 2058.593750
375.000000 2074.218750
371.093750 2078.125000
375.000000 2078.125000
402.343750 2089.843750
398.437500 2085.937500
398.437500 2089.843750
375.000000 2097.656250
386.718750 2101.562500
375.000000 2101.562500
375.000000 2101.562500
375.000000 2097.656250
406.250000 2097.656250
382.812500 2093.750000
425.781250 2070.312500
390.625000 2082.031250
398.437500 2085.937500
410.156250 2085.937500
417.968750 2085.937500
398.437500 2089.843750
417.968750 2085.937500
437.500000 2082.031250
429.687500 2082.031250
414.062500 2082.031250
421.875000 2085.937500
421.875000 2078.125000
429.687500 2074.218750
457.031250 2062.500000
437.500000 2054.687500
441.406250 2050.781250
445.312500 2046.875000
445.312500 2042.968750
449.218750 2042.968750
445.312500 2035.156250
445.312500 2039.062500
445.312500 2035.156250
445.312500 2039.062500
441.406250 2039.062500
441.406250 2050.781250
445.312500 2046.875000
445.312500 2054.687500
445.312500 2050.781250
445.312500 2046.875000
449.218750 2058.593750
449.218750 2058.593750
449.218750 2050.781250
449.218750 2062.500000
449.218750 2062.500000
449.218750 2066.406250
445.312500 2066.406250
445.312500 2066.406250
441.406250 2066.406250
441.406250 2070.312500
445.312500 2074.218750
441.406250 2074.218750
445.312500 2078.125000
445.312500 2082.031250
445.312500 2074.218750
445.312500 2074.218750
453.125000 2078.125000
460.937500 2070.312500
457.031250 2066.406250
460.937500 2066.406250
476.562500 2050.781250
464.843750 2054.687500
464.843750 2054.687500
464.843750 2046.875000
460.937500 2058.593750
457.031250 2062.500000
460.937500 2054.687500
457.031250 2058.593750
453.125000 2066.406250
453.125000 2054.687500
449.218750 2058.593750
453.125000 2062.500000
445.312500 2050.781250
457.031250 2062.500000
445.312500 2062.500000
441.406250 2062.500000
437.500000 2066.406250
449.218750 2062.500000
445.312500 2074.218750
437.500000 2070.312500
433.593750 2070.312500
441.406250 2070.312500
433.593750 2062.500000
449.218750 2058.593750
437.500000 2058.593750
429.687500 2062.500000
433.593750 2066.406250
429.687500 2066.406250
433.593750 2062.500000
429.687500 2062.500000
472.656250 2042.968750
433.593750 2062.500000
429.687500 2046.875000
445.312500 2046.875000
417.968750 2054.687500
457.031250 2019.531250
429.687500 2042.968750
421.875000 2039.062500
417.968750 2027.343750
433.593750 2015.625000
414.062500 2058.593750
410.156250 2003.906250
394.531250 1996.093750
406.250000 1925.781250
433.593750 1953.125000
402.343750 2097.656250
289.062500 2113.281250
289.062500 2132.812500
281.250000 2132.812500
296.875000 2136.718750
296.875000 2132.812500
308.593750 2132.812500
324.218750 2121.093750
312.500000 2136.718750
320.312500 2140.625000
367.187500 2128.906250
335.937500 2144.531250
378.906250 2148.437500
347.656250 2144.531250
382.812500 2136.718750
375.000000 2144.531250
375.000000 2152.343750
398.437500 2136.718750
406.250000 2148.437500
410.156250 2144.531250
378.906250 2144.531250
394.531250 2144.531250
421.875000 2121.093750
410.156250 2144.531250
421.875000 2152.343750
406.250000 2136.718750
398.437500 2140.625000
402.343750 2140.625000
402.343750 2140.625000
417.968750 2148.437500
433.593750 2144.531250
433.593750 2144.531250
410.156250 2144.531250
410.156250 2144.531250
410.156250 2152.343750
425.781250 2160.156250
433.593750 2160.156250
414.062500 2156.250000
441.406250 2160.156250
421.875000 2152.343750
433.593750 2160.156250
425.781250 2148.437500
460.937500 2136.718750
441.406250 2148.437500
429.687500 2136.718750
429.687500 2136.718750
441.406250 2132.812500
429.687500 2132.812500
433.593750 2128.906250
433.593750 2125.000000
433.593750 2117.187500
433.593750 2117.187500
433.593750 2109.375000
453.125000 2109.375000
433.593750 2113.281250
433.593750 2113.281250
441.406250 2117.187500
433.593750 2109.375000
429.687500 2109.375000
433.593750 2105.468750
437.500000 2101.562500
449.218750 2113.281250
460.937500 2105.468750
433.593750 2105.468750
433.593750 2105.468750
433.593750 2101.562500
437.500000 2097.656250
457.031250 2105.468750
433.593750 2097.656250
433.593750 2097.656250
441.406250 2097.656250
453.125000 2105.468750
445.312500 2097.656250
437.500000 2093.750000
437.500000 2089.843750
441.406250 2085.937500
433.593750 2089.843750
449.218750 2085.937500
437.500000 2082.031250
441.406250 2093.750000
437.500000 2093.750000
437.500000 2085.937500
437.500000 2089.843750
441.406250 2089.843750
445.312500 2089.843750
441.406250 2089.843750
449.218750 2082.031250
445.312500 2085.937500
453.125000 2093.750000
437.500000 2089.843750
441.406250 2093.750000
441.406250 2093.750000
437.500000 2093.750000
441.406250 2105.468750
441.406250 2109.375000
449.218750 2113.281250
449.218750 2105.468750
437.500000 2101.562500
441.406250 2105.468750
445.312500 2101.562500
441.406250 2105.468750
449.218750 2105.468750
445.312500 2093.750000
445.312500 2078.125000
441.406250 2085.937500
441.406250 2082.031250
441.406250 2085.937500
460.937500 2085.937500
437.500000 2085.937500
437.500000 2105.468750
437.500000 2093.750000
433.593750 2101.562500
437.500000 2105.468750
437.500000 2117.187500
437.500000 2097.656250
441.406250 2101.562500
441.406250 2125.000000
441.406250 2121.093750
457.031250 2117.187500
449.218750 2109.375000
441.406250 2121.093750
441.406250 2113.281250
441.406250 2113.281250
441.406250 2109.375000
449.218750 2097.656250
449.218750 2105.468750
445.312500 2089.843750
453.125000 2085.937500
437.500000 2066.406250
437.500000 2058.593750
457.031250 2058.593750
437.500000 2070.312500
445.312500 2046.875000
445.312500 2042.968750
445.312500 2054.687500
457.031250 2062.500000
441.406250 2117.187500
433.593750 2292.968750
429.687500 1996.093750
433.593750 2039.062500
417.968750 2082.031250
226.562500 2121.093750
285.156250 2128.906250
281.250000 2121.093750
277.343750 2109.375000
246.093750 2089.843750
308.593750 2101.562500
316.406250 2105.468750
320.312500 2117.187500
300.781250 2121.093750
316.406250 2109.375000
359.375000 2101.562500
343.750000 2097.656250
347.656250 2105.468750
359.375000 2097.656250
363.281250 2097.656250
355.468750 2101.562500
355.468750 2113.281250
382.812500 2089.843750
367.187500 2097.656250
367.187500 2101.562500
378.906250 2097.656250
378.906250 2097.656250
378.906250 2089.843750
382.812500 2101.562500
386.718750 2093.750000
390.625000 2097.656250
410.156250 2078.125000
398.437500 2093.750000
406.250000 2082.031250
406.250000 2097.656250
398.437500 2097.656250
398.437500 2093.750000
402.343750 2093.750000
402.343750 2085.937500
417.968750 2070.312500
398.437500 2082.031250
425.781250 2070.312500
406.250000 2085.937500
406.250000 2085.937500
398.437500 2085.937500
402.343750 2085.937500
402.343750 2085.937500
417.968750 2078.125000
402.343750 2082.031250
417.968750 2078.125000
402.343750 2078.125000
406.250000 2082.031250
421.875000 2085.937500
406.250000 2074.218750
421.875000 2078.125000
414.062500 2066.406250
410.156250 2058.593750
414.062500 2058.593750
417.968750 2058.593750
417.968750 2054.687500
433.593750 2050.781250
414.062500 2054.687500
417.968750 2054.687500
421.875000 2058.593750
417.968750 2054.687500
425.781250 2046.875000
421.875000 2054.687500
421.875000 2054.687500
421.875000 2050.781250
417.968750 2054.687500
437.500000 2058.593750
449.218750 2058.593750
449.218750 2062.500000
449.218750 2066.406250
417.968750 2078.125000
425.781250 2082.031250
429.687500 2082.031250
441.406250 2066.406250
414.062500 2078.125000
417.968750 2089.843750
437.500000 2089.843750
417.968750 2089.843750
414.062500 2097.656250
437.500000 2089.843750
417.968750 2097.656250
449.218750 2074.218750
410.156250 2085.937500
425.781250 2105.468750
410.156250 2101.562500
406.250000 2097.656250
410.156250 2113.281250
417.968750 2097.656250
429.687500 2097.656250
421.875000 2093.750000
453.125000 2082.031250
414.062500 2089.843750
460.937500 2054.687500
417.968750 2062.500000
445.312500 2042.968750
433.593750 2050.781250
421.875000 2058.593750
429.687500 2054.687500
445.312500 2062.500000
421.875000 2062.500000
425.781250 2078.125000
433.593750 2078.125000
429.687500 2062.500000
421.875000 2062.500000
429.687500 2070.312500
421.875000 2046.875000
445.312500 2042.968750
441.406250 2039.062500
433.593750 2035.156250
460.937500 2035.156250
421.875000 2035.156250
429.687500 2039.062500
453.125000 2031.250000
437.500000 2027.343750
429.687500 2031.250000
437.500000 2027.343750
429.687500 2027.343750
425.781250 2039.062500
449.218750 2035.156250
429.687500 2031.250000
429.687500 2023.437500
425.781250 2027.343750
441.406250 2019.531250
445.312500 2019.531250
449.218750 2015.625000
460.937500 2042.968750
445.312500 2023.437500
425.781250 2039.062500
429.687500 2042.968750
445.312500 2007.812500
417.968750 2027.343750
417.968750 2042.968750
429.687500 2035.156250
421.875000 2054.687500
421.875000 2042.968750
421.875000 2039.062500
425.781250 2039.062500
425.781250 2042.968750
417.968750 2031.250000
421.875000 2031.250000
421.875000 2023.437500
414.062500 2035.156250
417.968750 2019.531250
414.062500 2023.437500
421.875000 2019.531250
433.593750 2000.000000
410.156250 2027.343750
441.406250 2007.812500
425.781250 2023.437500
425.781250 2023.437500
414.062500 2023.437500
417.968750 2003.906250
410.156250 2027.343750
402.343750 2042.968750
414.062500 2035.156250
394.531250 2039.062500
398.437500 2035.156250
398.437500 2019.531250
382.812500 2125.000000
398.437500 2093.750000
398.437500 2125.000000
390.625000 2117.187500
367.187500 2125.000000
363.281250 2121.093750
371.093750 2128.906250
363.281250 2132.812500
367.187500 2136.718750
363.281250 2128.906250
386.718750 2125.000000
394.531250 2125.000000
382.812500 2132.812500
363.281250 2128.906250
378.906250 2132.812500
382.812500 2140.625000
382.812500 2136.718750
390.625000 2144.531250
398.437500 2140.625000
386.718750 2136.718750
390.625000 2128.906250
390.625000 2132.812500
390.625000 2136.718750
417.968750 2128.906250
394.531250 2136.718750
394.531250 2132.812500
410.156250 2136.718750
437.500000 2125.000000
417.968750 2136.718750
425.781250 2144.531250
394.531250 2144.531250
394.531250 2140.625000
417.968750 2144.531250
414.062500 2148.437500
414.062500 2136.718750
429.687500 2121.093750
433.593750 2089.843750
421.875000 2109.375000
417.968750 2097.656250
421.875000 2109.375000
425.781250 2113.281250
421.875000 2125.000000
433.593750 2128.906250
425.781250 2128.906250
433.593750 2136.718750
425.781250 2132.812500
457.031250 2117.187500
429.687500 2128.906250
433.593750 2117.187500
429.687500 2128.906250
429.687500 2121.093750
429.687500 2128.906250
433.593750 2132.812500
433.593750 2144.531250
429.687500 2148.437500
437.500000 2148.437500
425.781250 2148.437500
429.687500 2152.343750
421.875000 2148.437500
421.875000 2144.531250
421.875000 2144.531250
437.500000 2140.625000
421.875000 2152.343750
441.406250 2148.437500
433.593750 2156.250000
449.218750 2140.625000
421.875000 2144.531250
421.875000 2144.531250
457.031250 2132.812500
425.781250 2140.625000
429.687500 2144.531250
441.406250 2144.531250
429.687500 2148.437500
429.687500 2148.437500
429.687500 2140.625000
429.687500 2144.531250
433.593750 2148.437500
433.593750 2148.437500
433.593750 2136.718750
441.406250 2152.343750
433.593750 2148.437500
445.312500 2148.437500
441.406250 2148.437500
445.312500 2148.437500
445.312500 2148.437500
437.500000 2136.718750
445.312500 2144.531250
437.500000 2136.718750
445.312500 2136.718750
433.593750 2136.718750
441.406250 2128.906250
433.593750 2132.812500
433.593750 2132.812500
445.312500 2128.906250
437.500000 2132.812500
437.500000 2121.093750
445.312500 2117.187500
445.312500 2125.000000
441.406250 2109.375000
437.500000 2128.906250
441.406250 2125.000000
445.312500 2125.000000
437.500000 2132.812500
445.312500 2128.906250
433.593750 2128.906250
441.406250 2125.000000
445.312500 2121.093750
437.500000 2125.000000
437.500000 2132.812500
433.593750 2113.281250
441.406250 2125.000000
445.312500 2109.375000
441.406250 2128.906250
429.687500 2128.906250
441.406250 2101.562500
437.500000 2128.906250
425.781250 2117.187500
425.781250 2105.468750
425.781250 2113.281250
421.875000 2105.468750
421.875000 2105.468750
421.875000 2097.656250
425.781250 2093.750000
421.875000 2085.937500
445.312500 2082.031250
449.218750 2074.218750
433.593750 2078.125000
429.687500 2070.312500
425.781250 2054.687500
437.500000 2058.593750
429.687500 2046.875000
433.593750 2050.781250
433.593750 2042.968750
433.593750 2046.875000
441.406250 2035.156250
437.500000 2039.062500
429.687500 2035.156250
453.125000 2042.968750
425.781250 2039.062500
433.593750 2046.875000
425.781250 2050.781250
425.781250 2046.875000
425.781250 2046.875000
429.687500 2050.781250
425.781250 2054.687500
421.875000 2054.687500
421.875000 2046.875000
421.875000 2050.781250
425.781250 2058.593750
421.875000 2058.593750
437.500000 2023.437500
421.875000 2085.937500
406.250000 2070.312500
269.531250 789.062500
273.437500 2242.187500
312.500000 699.218750
281.250000 2261.718750
292.968750 2296.875000
312.500000 2289.062500
332.031250 2273.437500
316.406250 2289.062500
324.218750 2292.968750
320.312500 2281.250000
324.218750 2285.156250
324.218750 2285.156250
335.937500 2285.156250
335.937500 2296.875000
335.937500 2281.250000
347.656250 2285.156250
351.562500 2285.156250
359.375000 2277.343750
355.468750 2285.156250
347.656250 2273.437500
355.468750 2281.250000
355.468750 2289.062500
355.468750 2292.968750
355.468750 2289.062500
351.562500 2292.968750
351.562500 2281.250000
359.375000 2277.343750
359.375000 2289.062500
355.468750 2289.062500
351.562500 2281.250000
351.562500 2289.062500
351.562500 2292.968750
347.656250 2285.156250
355.468750 2292.968750
355.468750 2292.968750
355.468750 2277.343750
351.562500 2281.250000
355.468750 2273.437500
359.375000 2261.718750
355.468750 2261.718750
359.375000 2246.093750
363.281250 2253.906250
359.375000 2253.906250
355.468750 2253.906250
363.281250 2246.093750
359.375000 2246.093750
355.468750 2246.093750
363.281250 2238.281250
363.281250 2226.562500
359.375000 2230.468750
375.000000 2210.937500
367.187500 2210.937500
363.281250 2210.937500
375.000000 2214.843750
375.000000 2210.937500
363.281250 2222.656250
371.093750 2207.031250
375.000000 2214.843750
363.281250 2214.843750
371.093750 2214.843750
371.093750 2207.031250
367.187500 2210.937500
363.281250 2214.843750
359.375000 2203.125000
367.187500 2203.125000
363.281250 2207.031250
359.375000 2203.125000
355.468750 2203.125000
351.562500 2199.218750
375.000000 2207.031250
382.812500 2195.312500
375.000000 2187.500000
367.187500 2195.312500
367.187500 2183.593750
371.093750 2179.687500
378.906250 2195.312500
351.562500 2203.125000
406.250000 1074.218750
367.187500 2253.906250
375.000000 2277.343750
339.843750 2257.812500
394.531250 2285.156250
386.718750 2199.218750
1410.156250 1996.093750
289.062500 2000.000000
312.500000 2214.843750
296.875000 2265.625000
308.593750 2253.906250
863.281250 2105.468750
300.781250 2273.437500
320.312500 2242.187500
312.500000 2269.531250
324.218750 2265.625000
343.750000 2265.625000
343.750000 2273.437500
316.406250 2281.250000
367.187500 2246.093750
347.656250 2265.625000
339.843750 2265.625000
351.562500 2273.437500
359.375000 2269.531250
371.093750 2281.250000
375.000000 2277.343750
406.250000 2250.000000
371.093750 2261.718750
363.281250 2257.812500
375.000000 2265.625000
386.718750 2257.812500
410.156250 2238.281250
394.531250 2265.625000
421.875000 2238.281250
398.437500 2250.000000
398.437500 2253.906250
402.343750 2242.187500
417.968750 2226.562500
398.437500 2234.375000
406.250000 2242.187500
406.250000 2230.468750
394.531250 2234.375000
394.531250 2226.562500
390.625000 2226.562500
398.437500 2230.468750
406.250000 2230.468750
398.437500 2234.375000
402.343750 2230.468750
398.437500 2222.656250
406.250000 2230.468750
398.437500 2226.562500
402.343750 2222.656250
398.437500 2230.468750
398.437500 2222.656250
394.531250 2226.562500
402.343750 2218.750000
402.343750 2218.750000
398.437500 2222.656250
402.343750 2218.750000
398.437500 2222.656250
402.343750 2226.562500
402.343750 2218.750000
394.531250 2222.656250
406.250000 2218.750000
394.531250 2214.843750
402.343750 2214.843750
394.531250 2218.750000
398.437500 2210.937500
398.437500 2203.125000
402.343750 2207.031250
402.343750 2207.031250
398.437500 2207.031250
394.531250 2203.125000
398.437500 2207.031250
394.531250 2207.031250
398.437500 2214.843750
398.437500 2210.937500
398.437500 2203.125000
394.531250 2195.312500
402.343750 2203.125000
406.250000 2199.218750
390.625000 2203.125000
394.531250 2207.031250
398.437500 2199.218750
386.718750 2199.218750
394.531250 2199.218750
382.812500 2203.125000
402.343750 2203.125000
402.343750 2199.218750
425.781250 2187.500000
398.437500 2199.218750
421.875000 2175.781250
410.156250 2191.406250
382.812500 2207.031250
402.343750 2214.843750
386.718750 2210.937500
414.062500 2191.406250
402.343750 2214.843750
394.531250 2207.031250
398.437500 2238.281250
390.625000 2218.750000
390.625000 2203.125000
421.875000 2234.375000
390.625000 2199.218750
414.062500 742.187500
386.718750 2210.937500
398.437500 2199.218750
457.031250 2089.843750
429.687500 2167.968750
453.125000 2195.312500
402.343750 2191.406250
425.781250 2246.093750
363.281250 2128.906250
632.812500 1617.187500
261.718750 2257.812500
261.718750 2273.437500
3.906250 343.750000
285.156250 2269.531250
3.906250 343.750000
277.343750 2250.000000
304.687500 1558.593750
296.875000 2250.000000
300.781250 671.875000
312.500000 2246.093750
296.875000 2269.531250
308.593750 2269.531250
332.031250 2281.250000
3.906250 375.000000
324.218750 2269.531250
335.937500 2261.718750
339.843750 2265.625000
347.656250 2269.531250
347.656250 2265.625000
359.375000 2269.531250
363.281250 2281.250000
359.375000 2273.437500
359.375000 2273.437500
367.187500 2281.250000
367.187500 2265.625000
375.000000 2269.531250
375.000000 2273.437500
375.000000 2277.343750
378.906250 2265.625000
382.812500 2273.437500
386.718750 2269.531250
386.718750 2265.625000
386.718750 2265.625000
390.625000 2261.718750
390.625000 2261.718750
390.625000 2261.718750
398.437500 2253.906250
394.531250 2253.906250
394.531250 2257.812500
398.437500 2242.187500
398.437500 2246.093750
398.437500 2242.187500
398.437500 2250.000000
398.437500 2242.187500
402.343750 2250.000000
406.250000 2250.000000
406.250000 2246.093750
398.437500 2257.812500
402.343750 2242.187500
402.343750 2238.281250
402.343750 2242.187500
398.437500 2246.093750
402.343750 2246.093750
402.343750 2253.906250
406.250000 2246.093750
402.343750 2253.906250
410.156250 2246.093750
402.343750 2250.000000
410.156250 2242.187500
406.250000 2246.093750
406.250000 2242.187500
402.343750 2242.187500
410.156250 2246.093750
402.343750 2246.093750
410.156250 2253.906250
402.343750 2257.812500
406.250000 2253.906250
402.343750 2253.906250
406.250000 2250.000000
402.343750 2246.093750
406.250000 2246.093750
406.250000 2250.000000
406.250000 2242.187500
406.250000 2242.187500
406.250000 2234.375000
402.343750 2242.187500
406.250000 2238.281250
406.250000 2238.281250
402.343750 2230.468750
402.343750 2234.375000
402.343750 2226.562500
402.343750 2226.562500
402.343750 2226.562500
402.343750 2226.562500
406.250000 2230.468750
406.250000 2226.562500
398.437500 2222.656250
398.437500 2230.468750
402.343750 2238.281250
394.531250 2230.468750
402.343750 2234.375000
394.531250 2226.562500
390.625000 2230.468750
398.437500 2230.468750
386.718750 2222.656250
386.718750 2222.656250
390.625000 2222.656250
394.531250 2218.750000
390.625000 2230.468750
390.625000 2242.187500
394.531250 2246.093750
410.156250 789.062500
390.625000 2253.906250
425.781250 2289.062500
355.468750 2273.437500
402.343750 2285.156250
382.812500 2253.906250
410.156250 1910.156250
1722.656250 2253.906250
378.906250 1988.281250
355.468750 2257.812500
285.156250 1957.031250
320.312500 1363.281250
187.500000 1363.281250
253.906250 2210.937500
250.000000 1910.156250
277.343750 2277.343750
230.468750 1792.968750
261.718750 1898.437500
332.031250 1410.156250
273.437500 1617.187500
312.500000 1460.937500
277.343750 2285.156250
312.500000 2031.250000
296.875000 1882.812500
335.937500 777.343750
281.250000 1781.250000
296.875000 1953.125000
300.781250 1933.593750
3.906250 347.656250
316.406250 2296.875000
312.500000 1800.781250
316.406250 1906.250000
328.125000 1933.593750
328.125000 1863.281250
320.312500 2292.968750
332.031250 2281.250000
328.125000 2289.062500
335.937500 2285.156250
339.843750 2281.250000
339.843750 2281.250000
339.843750 2269.531250
347.656250 2265.625000
347.656250 2261.718750
347.656250 2257.812500
355.468750 2285.156250
355.468750 2281.250000
355.468750 2273.437500
359.375000 2273.437500
363.281250 2269.531250
363.281250 2277.343750
367.187500 2277.343750
371.093750 2269.531250
367.187500 2273.437500
375.000000 2265.625000
359.375000 2257.812500
386.718750 2253.906250
367.187500 2257.812500
375.000000 2250.000000
375.000000 2257.812500
390.625000 2246.093750
378.906250 2250.000000
386.718750 2246.093750
378.906250 2238.281250
382.812500 2253.906250
386.718750 2246.093750
386.718750 2250.000000
386.718750 2250.000000
386.718750 2250.000000
382.812500 2238.281250
390.625000 2250.000000
390.625000 2242.187500
390.625000 2246.093750
390.625000 2246.093750
394.531250 2250.000000
390.625000 2242.187500
394.531250 2250.000000
390.625000 2246.093750
386.718750 2238.281250
390.625000 2242.187500
390.625000 2246.093750
390.625000 2246.093750
390.625000 2250.000000
390.625000 2238.281250
386.718750 2246.093750
386.718750 2246.093750
386.718750 2253.906250
390.625000 2253.906250
394.531250 2265.625000
390.625000 2246.093750
398.437500 2261.718750
394.531250 2246.093750
394.531250 2250.000000
398.437500 2257.812500
390.625000 2265.625000
402.343750 2281.250000
386.718750 2289.062500
378.906250 2285.156250
382.812500 2289.062500
378.906250 2296.875000
363.281250 2285.156250
367.187500 2296.875000
371.093750 1906.250000
390.625000 1914.062500
363.281250 1894.531250
371.093750 1910.156250
371.093750 1511.718750
386.718750 1042.968750
363.281250 1917.968750
375.000000 1914.062500
406.250000 1957.031250
371.093750 1921.875000
390.625000 1554.687500
367.187500 1933.593750
402.343750 1578.125000
363.281250 1910.156250
3.906250 414.062500
359.375000 882.812500
414.062500 1914.062500
367.187500 1699.218750
378.906250 1917.968750
402.343750 785.156250
363.281250 1964.843750
417.968750 1917.968750
1675.781250 2125.000000
