15.258 0.11508
16.671 -1.0723
16.733 1.5774
14.472 -0.28159
15.268 0.65322
19.092 1.5443
12.556 -0.91554
14.236 -0.42192
18.948 0.50803
15.517 -0.4523
14.977 -2.6211
8.5621 -1.5438
12.143 -0.5106
12.885 -1.1093
13.156 -0.55674
17.658 0.71319
16.515 0.81528
13.189 1.9653
17.5 0.92827
17.662 0.96854
10.202 -1.8755
7.9073 -0.2059
12.45 -0.38301
14.475 0.52836
17.557 -1.1967
21.91 1.6541
14.861 2.2131
15.395 -0.83722
17.578 -0.26964
19.731 1.946
17.643 1.7488
12.283 -0.92529
19.957 1.1677
18.981 0.19405
18.518 2.7469
14.267 -3.2461
18.137 -0.81504
12.633 1.1371
14.105 0.5318
13.754 -1.3071
11.698 -0.44331
13.725 1.146
12.004 -2.5632
13.89 -1.9802
21.81 2.1639
14.921 0.67022
12.932 -1.1076
18.296 0.78319
15.18 0.47226
12.042 -2.5121
14.781 -0.9857
17.693 -1.2093
14.551 -2.3693
18.929 0.9565
20.154 0.41421
12.228 -2.3315
12.884 -3.5678
11.156 -2.9469
14.573 -1.9836
13.681 -0.78601
20.449 2.4467
15.145 -0.75591
20.712 2.7975
19.632 1.9267
20.654 1.0071
14.117 0.046896
15.652 1.7813
14.975 1.2842
18.493 1.3996
15.482 -2.2499
14.777 -1.5625
15.72 -0.2291
13.274 -2.8395
17.939 0.63618
17.361 -0.70013
19.094 1.5685
15.405 0.2339
13.402 -1.1964
23.34 2.3307
19.918 1.8763
17.242 -0.44833
20.867 2.2477
20.95 0.5661
18.054 0.061518
16.604 -0.082546
16.623 0.018329
17.471 -1.1537
16.586 -2.2349
21.493 1.3222
21.135 3.8158
21.017 2.7146
18.771 0.83516
13.95 -0.40951
16.723 -1.076
14.81 -1.4828
16.438 -0.37923
13.345 -0.11601
19.224 1.2681
17.552 3.8041
16.69 1.6614
11.322 -1.2783
11.908 -1.3325
15.572 -1.7099
15.26 -3.2214
21.153 -0.98796
17.034 1.5736
22.558 1.3401
17.636 -1.5719
14.111 -1.8865
19.767 0.8893
16.432 1.1063
16.414 1.842
19.361 1.9282
14.953 0.51987
18.801 0.4638
13.958 -0.5008
17.001 1.5101
16.854 1.3006
12.254 -1.1265
19.065 0.71565
16.063 -1.4354
13.575 0.80478
15.692 -0.75984
17.581 -0.35864
23.217 3.0191
12.747 -2.2353
18.972 0.48658
14.722 -1.2017
10.932 -2.2212
15.806 -0.12715
20.743 2.822
17.619 1.5622
17.52 0.567
14.901 1.3971
20.281 2.18
12.436 -1.2427
16.674 0.13442
17.244 0.78931
21.644 2.2686
14.256 0.7446
15.339 1.2008
15.734 -0.79586
12.609 -0.66157
14.775 -0.36572
13.989 0.6443
9.2758 -2.6246
15.374 2.1071
16.428 0.491
19.698 1.2224
16.102 1.0213
13.087 -1.642
14.938 -2.2648
15.831 0.32189
14.409 0.39645
15.664 0.64006
13.03 -1.4147
21.555 1.8707
12.999 -2.1482
11.775 -0.60059
14.77 1.6634
16.549 0.13299
14.882 -1.1972
15.843 1.3572
16.367 -1.2031
7.325 -3.3425
12.995 -0.82473
12.491 -2.5096
18.527 2.2817
20.035 1.8024
18.694 -0.57715
14.201 -1.1049
12.987 -1.8205
19.446 1.113
14.759 -1.153
17.731 -0.4422
14.087 -2.332
13.929 -0.90751
10.867 -1.4784
15.765 -1.5332
14.914 -0.5911
14.138 -1.2446
17.787 2.5966
11.887 -1.0265
16.023 2.2305
17.639 0.067232
15.063 1.2701
12.605 -0.0077433
14.2 -0.22954
14.202 -2.5572
13.444 -2.2293
14.054 -0.4613
20.454 3.1587
16.127 1.0837
13.898 0.048309
17.344 1.1726
20.024 1.342
15.678 -1.5155
18.585 1.5113
16.982 -1.0997
11.097 -2.6011
17.963 0.46458
16.572 -2.0322
14.096 -1.4359
17.897 0.53825
14.201 -1.7634
19.524 -0.091463
21.151 2.3114
16.393 1.5723
18.332 1.2605
18.647 1.3525
15.046 -1.6613
17.978 -0.10905
16.471 0.27202
13.45 -1.9445
16.387 1.0546
15.009 -1.5368
16.382 -0.12439
14.549 0.30185
19.002 0.67655
11.883 -2.3646
17.417 0.10812
15.349 -0.62974
15.821 1.1096
18.198 0.88574
18.807 -0.12362
13.317 -1.8464
16.62 -0.16659
20.081 0.57523
11.268 -1.6388
20.887 1.7726
18.548 2.9945
12.983 -1.6985
14.146 -0.46782
19.573 1.2737
18.143 -1.7322
13.827 -2.2975
18.377 3.2664
17.454 1.3484
9.8902 -0.9972
17.396 0.61067
11.974 -3.7216
17.767 0.88695
14.048 -1.1374
17.146 0.54205
18.355 1.9012
17.349 1.7973
14.965 -0.60346
22.452 1.4391
18.785 0.56479
12.732 -0.47624
12.85 -1.5379
16.076 -2.0442
18.642 0.64948
19.423 -0.26331
17.979 1.7193
18.224 0.052489
17.38 1.116
18.001 -0.21728
14.292 0.12719
15.804 -0.29048
13.316 0.54299
13.666 -0.73811
17.954 1.0036
12.278 -1.3808
16.638 -0.00039426
21.199 1.9164
17.026 -0.12435
15.268 -1.1516
12.957 -0.65908
15.152 0.57311
21.564 0.59648
17.669 0.023816
15.555 1.4723
17.278 0.61458
22.083 3.9763
18.711 0.82728
11.662 -3.3052
12.743 -0.86451
13.63 -0.29817
16.19 0.39625
14.147 -1.4434
16.679 -0.83959
19.351 1.0002
12.697 -1.4271
19.155 3.2682
17.165 -2.1401
12.819 -0.70058
17.865 1.2171
16.05 0.50221
21.729 1.0555
11.202 -3.4028
17.839 2.098
18.141 -0.17984
17.884 1.2647
13.563 -1.2536
19.166 0.71934
13.749 -1.8664
13.551 -0.81651
12.412 -2.5016
16.953 -0.11713
15.062 -2.3949
20.965 0.86597
22.008 1.8113
14.511 -0.069999
13.105 -1.0685
18.424 1.4107
15.514 0.71673
10.753 0.39191
21.397 2.2102
14.737 -2.1901
15.516 0.4709
13.419 -1.8055
14.474 -0.75608
16.608 1.4033
16.8 1.5883
12.861 -1.0329
17.639 1.0555
9.608 -2.1946
12.593 -1.8168
14.897 -2.732
17.133 1.2008
18.261 0.61381
15.115 1.3144
15.647 0.089636
15.402 -1.2299
13.901 -3.1765
18.082 -0.48868
16.139 1.4691
17.968 1.2591
13.748 -2.1015
14.975 -0.48462
17.067 1.0521
18.709 2.0384
15.869 0.44062
12.011 -1.9221
17.602 0.20243
16.262 -2.3311
15.309 -0.38079
10.527 -3.4326
16.748 -0.53745
18.517 0.44469
18.346 1.7578
17.319 -0.62339
16.012 0.070768
13.634 -1.2226
20.218 1.4516
13.239 -0.17156
13.562 -1.9132
19.77 -0.077887
16.186 -1.2756
15.146 -0.77632
14.946 1.4018
14.801 -1.2443
14.459 -0.98422
17.546 0.1327
13.375 -1.0351
18.381 0.069913
12.853 -1.9186
17.285 -0.47255
18.992 -0.46847
15.717 -0.52549
17.487 2.215
12.547 -0.81593
13.766 -0.00041813
16.757 -1.161
16.245 -0.46719
17.214 -0.30894
14.042 0.87071
10.077 -2.0908
16.242 -0.96917
11.775 -1.2218
16.55 1.2998
12.675 -0.23186
18.248 1.9567
15.517 0.41074
12.853 -1.2813
13.67 -1.5726
23.005 4.8695
17.61 0.84752
16.169 0.9619
13.312 -0.96018
20.814 1.7137
16.824 -0.29643
18.284 1.2933
13.076 -1.1153
13.565 -0.50209
16.113 -1.9651
20.795 1.1347
16.503 0.28978
18.067 -0.8492
11.881 -0.80721
14.888 1.0473
21.507 2.3256
17.984 1.9737
17.113 1.3644
16.463 0.98061
14.604 0.03019
21.134 1.7838
15.18 -0.4553
11.761 -0.59551
15.687 -0.66863
17.852 -0.61435
12.792 -1.0041
20.495 -0.11856
13.484 1.2957
15.532 -0.21633
11.974 -1.1226
19.12 -0.5543
16.595 -0.83232
15.567 -0.3214
14.697 -1.5851
16.032 -0.40082
15.852 -1.5846
17.599 -0.2089
14.057 -0.10523
19.979 1.7226
16.404 1.0907
15.926 -2.538
20.618 1.8394
13.708 -0.66098
18.999 2.1727
16.906 0.83387
13.33 0.47222
17.262 -1.0689
21.908 3.4533
16.743 -2.1217
16.491 -0.42257
11.576 -3.4006
21.265 0.69335
17.015 -0.92202
13.981 -0.98978
11.962 -1.2224
16.554 -0.76471
19.514 -1.0518
14.347 -1.5326
11.997 -0.53311
13.956 0.18404
21.013 1.5743
9.8114 -0.86422
17.554 -0.43191
14.53 0.86122
14.94 -1.6365
18.488 -0.066065
15.087 0.094278
14.632 0.57935
16.46 0.92277
19.373 2.1082
13.369 -0.8074
14.147 -2.0179
16.445 1.7508
9.0142 -1.433
19.362 1.9908
14.232 0.37915
20.82 2.7764
16.722 -2.0896
16.02 0.60525
17.107 -0.85782
13.592 0.99345
10.686 -2.3458
14.553 0.8288
16.868 -1.7912
16.003 -1.5765
14.565 -1.097
13.393 -0.94196
10.647 -3.7077
14.117 -1.4602
14.479 0.053981
15.483 -0.81667
19.591 0.79801
15.021 -1.5862
12.907 -0.28479
17.398 0.76479
18.219 2.9029
15.843 0.42235
12.604 0.7717
19.263 2.9931
15.354 -0.72273
14.405 1.0299
12.681 -1.8565
11.326 -2.7153
15.133 -1.1108
19.597 2.4702
14.635 -0.38019
26.082 2.8439
21.764 1.561
20.569 2.2605
15.978 0.81834
14.731 -0.10377
11.208 -1.9548
20.576 0.44778
14.523 -2.7412
22.82 0.96798
15.335 0.53455
13.777 -1.6099
20.139 3.693
19.043 0.27231
18.836 0.46112
16.777 -2.6903
15.613 1.8019
11.272 -3.7823
