-2.4248 -0.79712
-0.7276 0.58344
-3.1441 -3.1124
-1.985 5.7098
-2.4081 0.8191
-1.9752 2.4473
-3.9966 -0.664
-1.6857 -4.5975
-0.092512 3.0123
0.91677 -2.3395
-2.8112 -0.75651
0.82635 2.2685
-1.7939 -0.45074
-3.3067 -0.048739
-1.3197 3.129
-1.7598 -0.59249
-0.27667 1.2236
-2.4236 2.1916
-0.67406 2.9177
-2.4787 3.8009
-1.2513 1.3734
-1.2257 -2.2176
-0.1333 0.91029
-1.564 -1.449
-1.5699 2.9704
-0.72631 3.293
-1.3459 1.6538
-0.097798 1.0368
-0.97853 3.2835
1.0261 0.54259
-4.3793 -2.3908
-0.061365 4.5667
-1.8139 6.2789
-1.0785 1.0039
0.72758 3.5675
0.68614 0.18117
-0.17853 -4.4106
-3.1829 1.2536
-0.24971 0.099057
-0.82127 3.4704
-2.4005 2.8514
-1.9608 -1.9809
-0.46816 1.37
-3.3119 -0.42383
-1.5342 0.66962
1.2504 1.275
-2.0498 0.25306
1.1032 5.3844
-0.63209 -0.62128
-0.68777 -2.4712
-1.6667 2.6724
-2.8048 2.1184
-0.38985 4.7273
-0.7227 4.6621
-1.1711 4.9891
-1.3258 4.6418
-1.8806 -2.1531
-1.4944 1.4165
-2.0852 1.3572
-0.2258 1.4604
0.48013 2.0235
-1.6747 2.1922
0.070628 5.526
-1.6363 -1.4311
-2.1503 3.0051
-2.083 3.3244
-1.8032 1.5266
-0.22143 5.7666
-2.5408 0.7358
-1.4944 2.3752
-0.34239 0.028686
-0.93298 -0.94634
-1.2894 4.7609
-2.3955 2.8089
-0.93926 3.952
-4.3046 4.5508
-4.1704 1.2283
1.3352 2.0909
-1.0048 -0.99895
-0.64158 -1.9949
-3.3876 -1.3647
-2.0554 -3.8967
3.1148 6.6406
-0.28005 1.8161
-0.30402 2.5535
-0.32066 8.0952
-1.6991 0.83369
-0.60218 0.13137
-0.35886 0.23339
0.048537 5.1044
-2.8126 5.0278
-1.7062 -2.3918
0.1717 4.7913
1.4768 2.4942
0.39697 4.7711
-2.5534 -1.9989
1.6297 5.4127
0.72031 6.4101
-1.7492 3.5572
-0.15251 3.1433
-1.6345 2.0566
0.21042 2.2556
0.19582 5.6328
-3.3125 3.8326
-2.1169 1.8089
-1.6416 0.087816
-2.4016 1.5768
0.28223 6.5076
-2.8277 0.0011583
-3.1412 -2.66
0.40823 3.6627
-1.7622 4.1546
-2.9494 0.63135
-0.094887 4.2272
-2.1021 -0.19472
-0.38496 0.9691
-1.27 -2.2996
-1.7092 -0.89732
0.45637 -1.1114
-1.0279 2.6317
-1.6271 -0.83232
-2.9519 -3.4579
-0.077073 9.3223
-2.5682 -1.2128
0.054475 5.4869
-1.2495 0.78525
-0.017855 4.6461
-4.3943 -5.3013
-2.3061 0.10228
-1.2736 4.817
-0.28658 1.8491
1.9307 3.9468
-1.6631 -2.0399
-1.2305 8.0346
-2.4739 -0.99066
1.7819 2.5022
-3.0125 5.1727
-1.0287 5.2592
-2.9862 -0.13891
-0.15835 2.5306
-1.6121 3.6225
-3.6767 3.6762
-0.071485 3.3826
-2.5232 2.5192
1.1259 6.6419
0.22282 1.1228
1.6606 9.8145
-0.66942 6.2782
-2.0414 1.1955
-0.59064 -1.479
-1.1268 2.9494
-2.3281 -0.076946
0.038415 4.9069
-1.8295 1.1244
0.59755 3.0033
-1.9677 -3.9184
-2.3366 -2.1629
0.63151 -1.8894
-3.8312 -1.2315
-2.9269 2.0359
-1.7222 -2.8389
-0.72573 0.35175
0.40981 4.8018
-1.626 5.5972
0.90444 5.0144
-0.96753 3.363
-0.36268 8.0405
-2.261 3.5515
-0.67077 -0.17127
1.713 7.3551
-0.30788 2.0172
-1.8571 4.6231
-0.06893 7.0639
-0.25476 2.0736
-1.0349 0.64657
0.82766 -0.41987
-2.4972 -0.71271
-1.4197 1.9399
-0.89504 -2.1445
-1.0665 4.9273
0.30742 1.2562
-0.9045 1.2174
-0.11825 1.2983
-1.4888 0.60809
-2.1104 2.5367
-1.1788 0.3397
-2.1555 0.086596
-2.1279 1.0944
-1.1223 1.2828
0.6369 7.6681
-0.67748 3.2118
0.21058 5.4395
-3.5351 -1.2619
0.37231 7.8713
-2.4946 -1.2659
-1.9405 -3.2799
0.25323 3.47
0.34285 3.8497
-0.23143 3.3863
2.2043 6.0074
-0.90691 0.027051
-4.1661 -2.8836
-3.5996 -2.3162
-2.1115 0.63113
-0.37237 6.1048
-2.1786 2.6821
-2.6186 -0.91123
-0.84315 2.9187
-1.0109 -0.0036061
-0.32298 -0.11614
0.60807 2.0983
-3.0588 -0.20956
-3.9385 1.4495
1.2679 3.7798
-2.1632 1.2859
-0.91708 2.2628
1.954 1.6491
-0.051224 4.031
-1.5837 2.0059
-0.62091 -0.30411
-2.7373 -2.4625
-0.74267 -1.3586
0.8859 12.981
0.047202 3.0826
-1.1342 3.7959
0.2753 3.0088
-3.4266 -0.53393
-2.003 4.6748
-0.4448 3.2712
-1.799 -1.1908
-1.1992 2.9432
-0.16111 7.3342
-0.44075 9.6749
-1.0519 6.2832
-2.8314 2.3349
-1.4967 0.81471
0.7336 -0.37216
-0.018997 2.8821
-4.1128 2.7892
-2.6874 -4.3997
0.091847 0.36079
-1.1877 3.8544
1.3012 4.7255
-2.1501 0.14961
1.1066 4.249
0.066211 2.0722
-0.52514 7.898
-1.9472 -3.0951
-1.2643 -3.2443
-2.4349 1.9608
-2.9994 1.3534
-0.53061 1.5067
-2.6046 6.8694
-2.4586 5.3539
-4.1421 1.4112
-0.25587 6.3807
-0.27943 0.3611
0.049373 -1.7442
-0.89444 1.0233
0.42707 2.2738
-0.44339 1.3932
-1.4112 4.1723
-0.15697 2.3479
0.0692 4.9186
-0.8368 8.0879
-2.1522 4.8335
1.6114 4.6894
-1.2379 5.433
0.93857 5.7879
0.55161 2.1544
1.1299 -1.0372
-0.71891 2.2819
0.26746 1.927
0.081843 3.6395
1.0403 5.2364
-2.2556 0.77459
-1.3589 8.1
-1.768 6.2196
2.6535 3.3781
-1.5893 -0.38468
1.1504 -0.074975
0.076176 8.6166
-1.5262 3.6789
0.54985 -1.8239
-0.9625 1.3529
-3.5826 3.323
-1.278 0.48695
0.72906 5.6699
-1.7996 3.7829
-0.58258 4.8756
-0.67376 2.4368
-0.56855 1.1831
-1.3279 3.8483
-1.2097 1.0865
-0.70586 3.5508
-1.2373 1.7048
-0.98782 -4.662
-0.062815 -0.89673
-3.2693 -0.026734
1.0001 7.9433
-0.61742 4.8601
-0.8934 3.5191
-1.6618 2.5061
-0.22119 7.815
-0.18505 -2.6266
-2.428 0.14437
-0.13364 6.3038
0.43892 3.3548
1.283 4.4013
0.50693 5.787
-2.5962 -1.7024
-0.090697 0.76907
0.35241 4.6752
-2.1726 2.6868
-3.0798 0.53902
0.9575 0.67882
-0.29915 -4.1367
-2.4263 -3.8639
-0.52736 0.74884
-2.9491 -3.6315
-2.5924 4.6758
-1.2067 5.4907
0.6756 2.609
-1.8596 -2.6663
-0.0021258 7.2256
-2.5449 -0.58561
-2.6863 -0.16394
-0.45736 2.9424
-2.2608 1.5718
-0.56139 0.4242
0.87117 4.5659
-0.10061 -0.07091
-1.3453 3.2964
-0.0030842 2.7753
0.088092 1.2895
0.082187 3.1061
1.5071 2.1563
-1.8333 -0.91729
-1.9876 3.6234
1.8073 -0.43669
0.7761 4.3067
-0.33566 -0.73647
-1.4165 7.1936
-5.2592 -4.3115
-3.5288 2.638
1.2083 4.892
-1.4398 -4.9679
-0.36364 5.4632
-1.245 2.2664
0.36869 1.3414
-2.3927 -3.3062
-0.37289 0.5644
-2.4714 -0.27166
-0.99429 -0.029393
0.50942 5.9908
-3.7817 -5.3972
-2.5619 5.0448
1.678 4.9948
0.61759 9.2386
0.69312 1.0832
0.50648 0.45226
-0.19722 1.4482
-0.21956 1.2381
0.89807 4.7808
-0.90107 2.5665
-2.095 1.9012
-3.9889 -0.9697
-1.7627 1.75
-0.7561 1.8259
-1.1981 4.7594
-0.59195 1.4199
-3.7567 0.28404
-1.3714 5.1218
0.1321 9.6478
-1.5204 2.6983
-0.20453 -1.6416
-2.1269 -2.8701
-1.3503 5.8156
-3.01 -0.66993
-1.7402 0.99648
-1.1124 3.0683
-0.39664 2.1498
0.83881 3.9729
-2.5872 -4.541
-1.3034 5.6386
-2.5625 -0.94402
0.16717 3.466
-3.2614 -1.4389
-0.044431 2.8614
0.22228 -1.9218
-4.3012 5.4854
-0.37323 3.2217
-0.7306 3.7807
-3.5405 -2.5148
0.23513 -1.0576
0.37603 2.4468
1.6552 5.1182
-0.82558 1.9973
0.67208 5.2585
-0.66239 0.99195
-0.26324 5.6286
-1.287 -1.5205
-1.7355 -0.58146
0.087675 -1.7932
-3.7729 2.4033
0.78611 5.9701
-1.6303 1.5754
0.54626 4.4536
-1.3978 7.275
-1.2451 4.3873
-0.99695 0.66311
-0.73723 -3.7928
-0.9852 2.5648
-1.583 2.021
0.011285 3.6622
-0.19439 -0.56691
-1.3866 4.1966
-0.8025 1.7272
-1.1926 1.2477
-2.4449 1.8622
-0.44186 3.3494
-0.2573 -0.13065
-0.25555 0.41745
-1.2334 -5.8268
-2.8479 3.5197
-2.644 0.39518
1.5686 9.1112
0.52901 3.6682
-2.3744 2.1852
-1.4413 1.8467
0.84603 0.12111
-1.5392 -0.18219
0.35352 8.6589
0.41613 4.7156
-1.2809 -0.24522
-1.0597 -0.99815
-0.52488 4.4826
1.0671 0.76286
-1.4778 -1.3617
0.047454 3.1383
-2.6754 5.7336
0.62819 4.0287
1.5934 4.2642
-2.6379 0.56301
-1.1909 0.099741
-0.73054 2.4764
-1.3897 -2.232
-2.1915 3.1945
-0.42131 -0.40707
-1.0928 6.2894
0.68101 4.8372
-1.6417 1.2637
-0.4161 -0.33339
-1.5097 3.321
0.059538 2.5764
-0.69388 -1.4768
-3.9514 1.2669
-1.3777 0.39484
0.036886 8.5988
0.027397 9.0559
-1.107 5.6727
-2.235 0.34285
0.21304 6.3551
-0.089535 0.27791
0.15683 0.86474
0.77873 3.5271
-3.8773 -0.89063
0.64132 9.1265
-0.68439 -2.1784
-1.7768 2.389
-0.51667 -2.2528
-1.4517 -1.3922
-4.344 4.9828
-2.7636 2.8595
-0.54293 2.8166
0.21637 7.3002
0.99128 5.2201
-1.4208 -5.3157
0.3165 -2.3326
-0.8478 -0.37636
0.39741 3.951
0.88247 6.6194
-0.26556 1.0215
0.28398 2.844
-0.72319 -0.92949
-2.8204 -2.1499
-0.73721 5.9898
-0.98173 2.8357
-3.3956 2.9469
-2.1948 8.8655
0.027536 3.2948
1.0387 8.8879
-2.2701 0.6947
0.47872 5.8541
-2.4357 -0.044558
0.29237 -0.13298
-2.8222 -5.2253
-2.8164 2.23
-0.48128 0.55263
-0.8969 -1.4636
