7.4914 -12.555
4.0181 -7.3413
2.9821 -12.015
5.3682 -10.797
6.9905 -11.018
3.5423 -12.007
3.2406 -11.884
3.163 -14.27
6.4358 -13.428
7.3226 -9.7038
5.0771 -10.025
6.5165 -14.768
5.0164 -12.518
4.7604 -13.224
2.074 -6.74
7.2804 -13.901
5.8773 -11.781
7.6806 -11.651
5.5283 -11.067
4.8446 -13.875
4.3933 -10.413
8.7802 -11.823
8.8368 -12.819
6.3151 -14.971
3.2819 -12.202
6.0412 -12.549
7.6031 -12.087
6.5796 -14.806
9.1172 -13.011
5.0749 -13.182
5.5251 -14.344
1.0558 -8.518
8.6771 -11.313
9.9926 -12.065
8.3664 -12.428
6.3785 -10.869
7.9551 -12.401
6.2125 -10.614
4.5398 -11.28
5.019 -12.188
4.0978 -11.521
6.321 -10.884
4.2621 -11.932
4.6104 -8.2296
5.9196 -15.752
7.0901 -13.846
3.622 -14.545
7.1703 -13.532
3.8244 -9.9302
7.6082 -14.485
8.6833 -17.049
11.576 -17.115
4.7635 -11.878
8.8046 -12.11
7.9551 -10.414
7.44 -11.287
6.4325 -14.483
6.9731 -10.966
6.2735 -8.8688
9.0665 -13.578
2.9338 -12.105
1.98 -8.9271
8.4582 -11.925
3.9062 -8.185
7.7921 -11.954
9.0489 -14.237
4.9995 -7.4703
5.6674 -12.4
4.8756 -8.6017
4.8195 -11.056
5.7825 -13.132
9.7509 -12.452
4.7311 -9.2822
6.7565 -13.14
6.2695 -9.4253
6.3707 -15.996
4.4056 -11.537
7.0228 -14.887
9.4362 -13.952
8.9374 -16.642
5.0595 -14.792
5.1158 -11.273
3.564 -11.251
4.6046 -13.656
3.8204 -14.423
8.5403 -14.968
6.8939 -10.636
8.1149 -12.674
6.4972 -14.041
5.8157 -12.359
3.8638 -11.627
4.4606 -8.8505
5.4193 -12.114
4.2469 -10.012
4.3614 -9.4848
5.6568 -14.237
6.8345 -12.862
5.7056 -10.034
4.528 -11.409
6.7096 -12.2
8.5873 -13.971
9.6109 -13.817
7.7519 -13.712
6.1878 -13.779
2.3551 -11.179
3.6554 -14.022
0.95775 -11.746
3.8523 -13.203
3.548 -12.098
6.4166 -11.271
7.7527 -11.385
7.0142 -13.95
6.4269 -9.3785
7.3199 -12.702
8.0681 -13.214
4.6026 -13.604
5.9782 -13.856
5.2025 -11.72
1.7106 -11.31
7.4085 -12.264
7.8928 -10.367
3.7863 -6.9056
5.8141 -10.456
7.6968 -10.3
7.3257 -13.37
8.9935 -13.601
3.4943 -8.5513
7.2966 -11.527
3.4808 -12.675
9.2669 -12.908
9.5757 -14.932
3.9911 -12.939
9.3493 -13.789
6.6562 -15.421
6.5499 -12.129
7.1534 -13.706
6.2176 -11.394
7.2899 -12.837
9.4536 -12.211
6.5527 -12.624
4.8516 -11.715
5.1917 -8.8374
5.0449 -9.9851
6.4043 -10.671
6.6479 -11.302
6.9902 -16.318
5.402 -11.791
5.5417 -14.483
8.0828 -15.312
4.6037 -12.774
5.1101 -7.4703
5.2049 -13.549
8.3525 -14.08
5.7358 -12.102
8.3084 -10.468
3.755 -13.432
3.1329 -7.5181
7.4478 -12.346
4.3783 -9.0109
5.8258 -8.3471
5.4505 -12.83
6.2507 -12.074
5.7007 -10.505
6.522 -14.969
4.5514 -13.249
6.9361 -9.6097
6.4924 -11.711
2.7597 -7.0165
6.6414 -13.522
8.2903 -13.228
6.0304 -12.341
5.807 -9.8945
3.07 -10.915
6.6158 -9.759
5.3832 -12.135
6.4626 -11.809
3.1795 -11.614
6.2186 -13.581
3.6663 -9.5004
5.6734 -11.71
7.6777 -12.137
5.6208 -11.027
6.7103 -9.6255
3.7862 -10.797
6.0201 -10.953
7.0264 -6.7935
3.9207 -8.1471
3.9872 -7.2906
7.6342 -11.917
7.3654 -10.513
4.9961 -10.291
7.2582 -12.49
6.8696 -9.5421
4.1807 -9.3781
4.6618 -12.392
5.1505 -13.9
6.1327 -11.814
7.8828 -14.221
4.8509 -12.21
6.9089 -14.589
7.606 -14.212
3.8631 -12.311
6.7145 -11.54
6.0108 -11.421
8.3874 -14.708
7.7446 -14.091
4.2067 -10.816
5.1036 -10.869
4.9241 -14.929
6.8719 -14.308
7.0153 -14.448
5.7191 -10.272
6.3217 -11.679
5.7005 -11.848
5.5983 -12.17
8.4039 -12.812
6.7487 -13.822
7.4379 -12.66
6.3543 -14.487
5.036 -12.319
6.7413 -13.519
3.8517 -11.935
7.6991 -13.855
4.8684 -9.6653
8.8811 -13.142
6.3452 -8.9527
4.5885 -11.793
6.1875 -12.797
6.5678 -10.387
6.9961 -12.859
8.3043 -13.082
2.4617 -10.781
3.5471 -11.749
1.9946 -9.996
3.2227 -10.434
5.648 -13.49
3.5648 -12.022
4.655 -9.7698
9.1162 -12.178
6.342 -14.318
3.7337 -7.5372
6.7226 -11.374
6.2967 -9.0523
8.2838 -9.9657
6.168 -14.333
7.6922 -12.621
9.4542 -9.5859
8.3265 -17.17
5.4017 -12.052
5.2889 -12.447
4.8595 -10.257
5.3535 -14.923
7.6363 -14.575
9.1499 -8.1132
5.4482 -10.578
8.0381 -12.352
3.5452 -10.509
6.7166 -8.6467
5.0154 -13.647
5.7063 -12.35
7.6419 -11.753
7.6591 -15.094
7.382 -13.709
6.1891 -12.427
5.573 -12.377
5.0282 -9.24
5.1584 -14.359
1.9923 -5.6415
4.7091 -10.853
8.0327 -12.314
5.8715 -12.464
5.8367 -13.877
4.5632 -14.424
5.476 -11.337
7.3686 -11.578
8.4489 -13.6
6.7566 -8.281
9.3137 -15.447
5.7176 -11.276
5.8969 -13.361
7.9346 -15.406
6.7057 -14.912
7.9603 -14.101
6.8709 -12.8
6.3682 -8.8789
7.2285 -13.681
6.3216 -10.639
5.214 -10.187
8.2844 -14.411
3.9249 -9.5022
6.3318 -12.702
6.2984 -11.147
6.4649 -10.545
7.1456 -12.716
5.1318 -11
5.794 -13.038
7.226 -12.819
5.6362 -12.381
8.2676 -12.691
4.6047 -10.232
4.0427 -10.517
1.8135 -8.2845
7.16 -11.98
6.7672 -15.378
7.3103 -12.523
5.9165 -13.235
7.8919 -13.058
4.7469 -13.634
5.9382 -14.623
5.1271 -10.29
5.4186 -11.923
5.6361 -12.003
6.1089 -13.798
7.1878 -14.478
3.9749 -7.6151
3.2803 -8.6168
6.1025 -12.067
7.8333 -14.459
5.306 -9.7091
7.4509 -15.037
5.6379 -15.621
7.2034 -12.759
6.0244 -7.3423
6.4071 -10.712
7.3735 -11.335
5.7981 -13.298
7.1825 -11.401
4.732 -13.258
4.5944 -11.311
4.7724 -12.665
5.9303 -12.765
7.3236 -9.7817
4.2519 -10.203
5.1283 -9.7899
5.7484 -10.519
7.2904 -12.284
6.4881 -9.4469
5.5309 -12.337
5.0812 -10.618
8.7555 -14.758
4.5394 -9.3957
7.6535 -15.098
2.5571 -12.464
5.1086 -13.529
7.3343 -12.435
7.5792 -11.259
6.4769 -14.463
7.4857 -9.4999
6.3633 -11.706
4.5012 -13.298
5.6458 -11.027
2.7084 -9.359
6.2749 -12.661
4.7315 -9.8614
6.0278 -12.482
9.1484 -16.105
5.8128 -11.998
4.8999 -10.609
1.6953 -10.955
5.8778 -11.35
3.4337 -11.937
7.7365 -11.527
4.307 -10.872
6.0257 -13.745
7.7088 -13.284
4.7869 -12.197
6.3962 -10.285
4.7502 -13.015
4.5846 -14.989
2.8758 -9.9489
5.2658 -14.814
7.9865 -17.295
4.9223 -10.794
6.544 -12.439
5.9205 -10.306
6.2438 -15.248
6.6501 -11.306
4.9368 -9.1049
4.36 -10.254
5.4024 -11.268
5.5149 -8.5802
8.0939 -12.079
6.1017 -10.609
3.3961 -8.6336
5.8013 -10.868
5.1145 -14.775
9.952 -14.878
8.1151 -11.31
7.1617 -13.599
7.6533 -14.405
5.2922 -11.578
6.5674 -12.536
6.1008 -10.807
6.7967 -15.014
7.4409 -16.34
6.3624 -8.9691
5.9308 -14.962
5.0017 -13.814
7.7635 -12.093
4.1118 -8.1694
5.9002 -14.079
5.8133 -13.429
7.4747 -12.222
6.3816 -9.4806
5.3261 -11.252
5.4263 -13.477
5.0281 -13.237
5.8759 -13.22
6.6099 -10.917
6.2556 -13.451
8.0198 -12.415
7.0381 -14.725
4.1057 -10.449
7.46 -10.708
6.7565 -13.5
8.3741 -15.54
4.5526 -9.6639
5.6695 -11.437
8.7982 -15.104
6.9167 -12.69
6.5006 -11.273
4.8613 -13.973
6.422 -11.873
6.4669 -13.259
7.3344 -14.776
6.5765 -8.4335
6.0367 -10.879
0.78739 -7.4675
6.0436 -9.4339
6.5098 -10.7
7.9833 -13.408
2.8756 -10.398
7.0371 -15.285
6.8563 -15.66
7.6257 -11.644
5.3203 -11.686
5.6477 -9.1176
8.0499 -15.021
5.5112 -10.69
2.5714 -12.511
7.1745 -7.9963
9.5592 -15.181
3.1559 -9.2771
3.8936 -9.9537
3.4369 -9.313
5.6237 -8.5299
5.7617 -13.485
4.5153 -9.2766
6.419 -14.689
8.6299 -13.413
5.5455 -17.056
5.989 -13.256
6.6925 -13.885
9.7989 -13.2
4.9205 -10.219
7.3343 -12.605
4.8766 -12.332
5.9357 -13.055
9.7905 -13.845
9.7796 -16.573
7.3225 -12.067
7.0983 -14.078
6.7028 -14.977
4.7041 -12.265
7.9715 -15.329
3.9744 -8.4135
2.8585 -9.9968
5.3229 -10.15
5.045 -14.445
5.2949 -8.6241
4.4418 -12.344
2.1757 -8.6404
2.0024 -10.57
5.5631 -9.1648
7.0393 -11.514
7.2595 -13.581
8.8217 -11.537
7.0692 -13.727
8.7088 -10.479
6.625 -16.106
7.7532 -13.652
8.3001 -13.035
7.325 -12.792
5.3478 -8.4187
6.8658 -12.315
4.7638 -12.685
7.3515 -12.446
4.0407 -9.5961
4.3649 -11.26
4.3311 -12.744
5.6532 -11.87
6.6033 -11.796
7.8529 -15.671
4.0426 -10.882
7.7199 -15.997
6.2212 -10.099
5.8822 -8.8714
5.8921 -13.615
3.9162 -13.166
6.5769 -11.129
